{
 "cells": [
  {
   "cell_type": "code",
   "execution_count": 465,
   "metadata": {},
   "outputs": [],
   "source": [
    "import pandas as pd"
   ]
  },
  {
   "cell_type": "code",
   "execution_count": 509,
   "metadata": {},
   "outputs": [],
   "source": [
    "excel=pd.ExcelFile('/Users/Juan/Problema_de_Transporte.xlsx')\n",
    "demanda=pd.read_excel(excel,'demanda')\n",
    "oferta=pd.read_excel(excel,'oferta')\n",
    "costos=pd.read_excel(excel,'Costofibra')\n",
    "                   "
   ]
  },
  {
   "cell_type": "code",
   "execution_count": 510,
   "metadata": {},
   "outputs": [
    {
     "data": {
      "text/plain": [
       "[0, 1, 2, 3, 4, 5, 6, 7, 8, 9, 10, 11, 12, 13, 14, 15, 16, 17, 18, 19]"
      ]
     },
     "execution_count": 510,
     "metadata": {},
     "output_type": "execute_result"
    }
   ],
   "source": [
    "ciudadesi=[k for k in range(len(oferta))]\n",
    "ciudadesi"
   ]
  },
  {
   "cell_type": "code",
   "execution_count": 511,
   "metadata": {},
   "outputs": [
    {
     "data": {
      "text/plain": [
       "[0, 1, 2, 3, 4, 5, 6, 7, 8, 9, 10, 11, 12, 13, 14, 15, 16, 17, 18, 19]"
      ]
     },
     "execution_count": 511,
     "metadata": {},
     "output_type": "execute_result"
    }
   ],
   "source": [
    "ciudadesd=[k for k in range(len(demanda))]\n",
    "ciudadesd"
   ]
  },
  {
   "cell_type": "code",
   "execution_count": 541,
   "metadata": {},
   "outputs": [
    {
     "data": {
      "text/plain": [
       "[(0, 1),\n",
       " (0, 2),\n",
       " (0, 3),\n",
       " (0, 4),\n",
       " (0, 5),\n",
       " (0, 6),\n",
       " (0, 7),\n",
       " (0, 8),\n",
       " (0, 9),\n",
       " (0, 10),\n",
       " (0, 11),\n",
       " (0, 12),\n",
       " (0, 13),\n",
       " (0, 14),\n",
       " (0, 15),\n",
       " (0, 16),\n",
       " (0, 17),\n",
       " (0, 18),\n",
       " (0, 19),\n",
       " (1, 0),\n",
       " (1, 2),\n",
       " (1, 3),\n",
       " (1, 4),\n",
       " (1, 5),\n",
       " (1, 6),\n",
       " (1, 7),\n",
       " (1, 8),\n",
       " (1, 9),\n",
       " (1, 10),\n",
       " (1, 11),\n",
       " (1, 12),\n",
       " (1, 13),\n",
       " (1, 14),\n",
       " (1, 15),\n",
       " (1, 16),\n",
       " (1, 17),\n",
       " (1, 18),\n",
       " (1, 19),\n",
       " (2, 0),\n",
       " (2, 1),\n",
       " (2, 3),\n",
       " (2, 4),\n",
       " (2, 5),\n",
       " (2, 6),\n",
       " (2, 7),\n",
       " (2, 8),\n",
       " (2, 9),\n",
       " (2, 10),\n",
       " (2, 11),\n",
       " (2, 12),\n",
       " (2, 13),\n",
       " (2, 14),\n",
       " (2, 15),\n",
       " (2, 16),\n",
       " (2, 17),\n",
       " (2, 18),\n",
       " (2, 19),\n",
       " (3, 0),\n",
       " (3, 1),\n",
       " (3, 2),\n",
       " (3, 4),\n",
       " (3, 5),\n",
       " (3, 6),\n",
       " (3, 7),\n",
       " (3, 8),\n",
       " (3, 9),\n",
       " (3, 10),\n",
       " (3, 11),\n",
       " (3, 12),\n",
       " (3, 13),\n",
       " (3, 14),\n",
       " (3, 15),\n",
       " (3, 16),\n",
       " (3, 17),\n",
       " (3, 18),\n",
       " (3, 19),\n",
       " (4, 0),\n",
       " (4, 1),\n",
       " (4, 2),\n",
       " (4, 3),\n",
       " (4, 5),\n",
       " (4, 6),\n",
       " (4, 7),\n",
       " (4, 8),\n",
       " (4, 9),\n",
       " (4, 10),\n",
       " (4, 11),\n",
       " (4, 12),\n",
       " (4, 13),\n",
       " (4, 14),\n",
       " (4, 15),\n",
       " (4, 16),\n",
       " (4, 17),\n",
       " (4, 18),\n",
       " (4, 19),\n",
       " (5, 0),\n",
       " (5, 1),\n",
       " (5, 2),\n",
       " (5, 3),\n",
       " (5, 4),\n",
       " (5, 6),\n",
       " (5, 7),\n",
       " (5, 8),\n",
       " (5, 9),\n",
       " (5, 10),\n",
       " (5, 11),\n",
       " (5, 12),\n",
       " (5, 13),\n",
       " (5, 14),\n",
       " (5, 15),\n",
       " (5, 16),\n",
       " (5, 17),\n",
       " (5, 18),\n",
       " (5, 19),\n",
       " (6, 0),\n",
       " (6, 1),\n",
       " (6, 2),\n",
       " (6, 3),\n",
       " (6, 4),\n",
       " (6, 5),\n",
       " (6, 7),\n",
       " (6, 8),\n",
       " (6, 9),\n",
       " (6, 10),\n",
       " (6, 11),\n",
       " (6, 12),\n",
       " (6, 13),\n",
       " (6, 14),\n",
       " (6, 15),\n",
       " (6, 16),\n",
       " (6, 17),\n",
       " (6, 18),\n",
       " (6, 19),\n",
       " (7, 0),\n",
       " (7, 1),\n",
       " (7, 2),\n",
       " (7, 3),\n",
       " (7, 4),\n",
       " (7, 5),\n",
       " (7, 6),\n",
       " (7, 8),\n",
       " (7, 9),\n",
       " (7, 10),\n",
       " (7, 11),\n",
       " (7, 12),\n",
       " (7, 13),\n",
       " (7, 14),\n",
       " (7, 15),\n",
       " (7, 16),\n",
       " (7, 17),\n",
       " (7, 18),\n",
       " (7, 19),\n",
       " (8, 0),\n",
       " (8, 1),\n",
       " (8, 2),\n",
       " (8, 3),\n",
       " (8, 4),\n",
       " (8, 5),\n",
       " (8, 6),\n",
       " (8, 7),\n",
       " (8, 9),\n",
       " (8, 10),\n",
       " (8, 11),\n",
       " (8, 12),\n",
       " (8, 13),\n",
       " (8, 14),\n",
       " (8, 15),\n",
       " (8, 16),\n",
       " (8, 17),\n",
       " (8, 18),\n",
       " (8, 19),\n",
       " (9, 0),\n",
       " (9, 1),\n",
       " (9, 2),\n",
       " (9, 3),\n",
       " (9, 4),\n",
       " (9, 5),\n",
       " (9, 6),\n",
       " (9, 7),\n",
       " (9, 8),\n",
       " (9, 10),\n",
       " (9, 11),\n",
       " (9, 12),\n",
       " (9, 13),\n",
       " (9, 14),\n",
       " (9, 15),\n",
       " (9, 16),\n",
       " (9, 17),\n",
       " (9, 18),\n",
       " (9, 19),\n",
       " (10, 0),\n",
       " (10, 1),\n",
       " (10, 2),\n",
       " (10, 3),\n",
       " (10, 4),\n",
       " (10, 5),\n",
       " (10, 6),\n",
       " (10, 7),\n",
       " (10, 8),\n",
       " (10, 9),\n",
       " (10, 11),\n",
       " (10, 12),\n",
       " (10, 13),\n",
       " (10, 14),\n",
       " (10, 15),\n",
       " (10, 16),\n",
       " (10, 17),\n",
       " (10, 18),\n",
       " (10, 19),\n",
       " (11, 0),\n",
       " (11, 1),\n",
       " (11, 2),\n",
       " (11, 3),\n",
       " (11, 4),\n",
       " (11, 5),\n",
       " (11, 6),\n",
       " (11, 7),\n",
       " (11, 8),\n",
       " (11, 9),\n",
       " (11, 10),\n",
       " (11, 12),\n",
       " (11, 13),\n",
       " (11, 14),\n",
       " (11, 15),\n",
       " (11, 16),\n",
       " (11, 17),\n",
       " (11, 18),\n",
       " (11, 19),\n",
       " (12, 0),\n",
       " (12, 1),\n",
       " (12, 2),\n",
       " (12, 3),\n",
       " (12, 4),\n",
       " (12, 5),\n",
       " (12, 6),\n",
       " (12, 7),\n",
       " (12, 8),\n",
       " (12, 9),\n",
       " (12, 10),\n",
       " (12, 11),\n",
       " (12, 13),\n",
       " (12, 14),\n",
       " (12, 15),\n",
       " (12, 16),\n",
       " (12, 17),\n",
       " (12, 18),\n",
       " (12, 19),\n",
       " (13, 0),\n",
       " (13, 1),\n",
       " (13, 2),\n",
       " (13, 3),\n",
       " (13, 4),\n",
       " (13, 5),\n",
       " (13, 6),\n",
       " (13, 7),\n",
       " (13, 8),\n",
       " (13, 9),\n",
       " (13, 10),\n",
       " (13, 11),\n",
       " (13, 12),\n",
       " (13, 14),\n",
       " (13, 15),\n",
       " (13, 16),\n",
       " (13, 17),\n",
       " (13, 18),\n",
       " (13, 19),\n",
       " (14, 0),\n",
       " (14, 1),\n",
       " (14, 2),\n",
       " (14, 3),\n",
       " (14, 4),\n",
       " (14, 5),\n",
       " (14, 6),\n",
       " (14, 7),\n",
       " (14, 8),\n",
       " (14, 9),\n",
       " (14, 10),\n",
       " (14, 11),\n",
       " (14, 12),\n",
       " (14, 13),\n",
       " (14, 15),\n",
       " (14, 16),\n",
       " (14, 17),\n",
       " (14, 18),\n",
       " (14, 19),\n",
       " (15, 0),\n",
       " (15, 1),\n",
       " (15, 2),\n",
       " (15, 3),\n",
       " (15, 4),\n",
       " (15, 5),\n",
       " (15, 6),\n",
       " (15, 7),\n",
       " (15, 8),\n",
       " (15, 9),\n",
       " (15, 10),\n",
       " (15, 11),\n",
       " (15, 12),\n",
       " (15, 13),\n",
       " (15, 14),\n",
       " (15, 16),\n",
       " (15, 17),\n",
       " (15, 18),\n",
       " (15, 19),\n",
       " (16, 0),\n",
       " (16, 1),\n",
       " (16, 2),\n",
       " (16, 3),\n",
       " (16, 4),\n",
       " (16, 5),\n",
       " (16, 6),\n",
       " (16, 7),\n",
       " (16, 8),\n",
       " (16, 9),\n",
       " (16, 10),\n",
       " (16, 11),\n",
       " (16, 12),\n",
       " (16, 13),\n",
       " (16, 14),\n",
       " (16, 15),\n",
       " (16, 17),\n",
       " (16, 18),\n",
       " (16, 19),\n",
       " (17, 0),\n",
       " (17, 1),\n",
       " (17, 2),\n",
       " (17, 3),\n",
       " (17, 4),\n",
       " (17, 5),\n",
       " (17, 6),\n",
       " (17, 7),\n",
       " (17, 8),\n",
       " (17, 9),\n",
       " (17, 10),\n",
       " (17, 11),\n",
       " (17, 12),\n",
       " (17, 13),\n",
       " (17, 14),\n",
       " (17, 15),\n",
       " (17, 16),\n",
       " (17, 18),\n",
       " (17, 19),\n",
       " (18, 0),\n",
       " (18, 1),\n",
       " (18, 2),\n",
       " (18, 3),\n",
       " (18, 4),\n",
       " (18, 5),\n",
       " (18, 6),\n",
       " (18, 7),\n",
       " (18, 8),\n",
       " (18, 9),\n",
       " (18, 10),\n",
       " (18, 11),\n",
       " (18, 12),\n",
       " (18, 13),\n",
       " (18, 14),\n",
       " (18, 15),\n",
       " (18, 16),\n",
       " (18, 17),\n",
       " (18, 19),\n",
       " (19, 0),\n",
       " (19, 1),\n",
       " (19, 2),\n",
       " (19, 3),\n",
       " (19, 4),\n",
       " (19, 5),\n",
       " (19, 6),\n",
       " (19, 7),\n",
       " (19, 8),\n",
       " (19, 9),\n",
       " (19, 10),\n",
       " (19, 11),\n",
       " (19, 12),\n",
       " (19, 13),\n",
       " (19, 14),\n",
       " (19, 15),\n",
       " (19, 16),\n",
       " (19, 17),\n",
       " (19, 18)]"
      ]
     },
     "execution_count": 541,
     "metadata": {},
     "output_type": "execute_result"
    }
   ],
   "source": [
    "#tramos=[(i,j) for i in ciudadesi for j in ciudadesd if i!=j]\n",
    "tramos=[(i,j) for i in ciudadesi for j in ciudadesd if i!=j]\n",
    "tramos"
   ]
  },
  {
   "cell_type": "code",
   "execution_count": 513,
   "metadata": {},
   "outputs": [
    {
     "data": {
      "text/html": [
       "<div>\n",
       "<style scoped>\n",
       "    .dataframe tbody tr th:only-of-type {\n",
       "        vertical-align: middle;\n",
       "    }\n",
       "\n",
       "    .dataframe tbody tr th {\n",
       "        vertical-align: top;\n",
       "    }\n",
       "\n",
       "    .dataframe thead th {\n",
       "        text-align: right;\n",
       "    }\n",
       "</style>\n",
       "<table border=\"1\" class=\"dataframe\">\n",
       "  <thead>\n",
       "    <tr style=\"text-align: right;\">\n",
       "      <th></th>\n",
       "      <th>tramo</th>\n",
       "      <th>costo</th>\n",
       "    </tr>\n",
       "  </thead>\n",
       "  <tbody>\n",
       "    <tr>\n",
       "      <th>0</th>\n",
       "      <td>Rosario-san lorenzo</td>\n",
       "      <td>2025925.0</td>\n",
       "    </tr>\n",
       "    <tr>\n",
       "      <th>1</th>\n",
       "      <td>Rosario-oliveros</td>\n",
       "      <td>3716625.0</td>\n",
       "    </tr>\n",
       "    <tr>\n",
       "      <th>2</th>\n",
       "      <td>Rosario-totoras</td>\n",
       "      <td>4846187.5</td>\n",
       "    </tr>\n",
       "    <tr>\n",
       "      <th>3</th>\n",
       "      <td>Rosario-San Genaro</td>\n",
       "      <td>7017862.5</td>\n",
       "    </tr>\n",
       "    <tr>\n",
       "      <th>4</th>\n",
       "      <td>Rosario-Las Rosas</td>\n",
       "      <td>8963625.0</td>\n",
       "    </tr>\n",
       "    <tr>\n",
       "      <th>...</th>\n",
       "      <td>...</td>\n",
       "      <td>...</td>\n",
       "    </tr>\n",
       "    <tr>\n",
       "      <th>375</th>\n",
       "      <td>Alvarez-Villla Mugueta</td>\n",
       "      <td>2492325.0</td>\n",
       "    </tr>\n",
       "    <tr>\n",
       "      <th>376</th>\n",
       "      <td>Alvarez-Casilda</td>\n",
       "      <td>3315812.5</td>\n",
       "    </tr>\n",
       "    <tr>\n",
       "      <th>377</th>\n",
       "      <td>Alvarez-Carcaraña</td>\n",
       "      <td>4175737.5</td>\n",
       "    </tr>\n",
       "    <tr>\n",
       "      <th>378</th>\n",
       "      <td>Alvarez-Cañada de Gomez</td>\n",
       "      <td>5932025.0</td>\n",
       "    </tr>\n",
       "    <tr>\n",
       "      <th>379</th>\n",
       "      <td>Alvarez-Funes</td>\n",
       "      <td>2696375.0</td>\n",
       "    </tr>\n",
       "  </tbody>\n",
       "</table>\n",
       "<p>380 rows × 2 columns</p>\n",
       "</div>"
      ],
      "text/plain": [
       "                       tramo      costo\n",
       "0        Rosario-san lorenzo  2025925.0\n",
       "1           Rosario-oliveros  3716625.0\n",
       "2            Rosario-totoras  4846187.5\n",
       "3         Rosario-San Genaro  7017862.5\n",
       "4          Rosario-Las Rosas  8963625.0\n",
       "..                       ...        ...\n",
       "375   Alvarez-Villla Mugueta  2492325.0\n",
       "376          Alvarez-Casilda  3315812.5\n",
       "377        Alvarez-Carcaraña  4175737.5\n",
       "378  Alvarez-Cañada de Gomez  5932025.0\n",
       "379            Alvarez-Funes  2696375.0\n",
       "\n",
       "[380 rows x 2 columns]"
      ]
     },
     "execution_count": 513,
     "metadata": {},
     "output_type": "execute_result"
    }
   ],
   "source": [
    "costos"
   ]
  },
  {
   "cell_type": "code",
   "execution_count": 514,
   "metadata": {},
   "outputs": [
    {
     "data": {
      "text/plain": [
       "{0: 9925.94,\n",
       " 1: 462.39,\n",
       " 2: 46.97,\n",
       " 3: 102.92,\n",
       " 4: 110.0,\n",
       " 5: 136.89000000000001,\n",
       " 6: 123.75,\n",
       " 7: 111.81,\n",
       " 8: 901.9300000000001,\n",
       " 9: 72.0,\n",
       " 10: 91.3,\n",
       " 11: 68.36,\n",
       " 12: 68.71000000000001,\n",
       " 13: 52.58,\n",
       " 14: 2.27,\n",
       " 15: 350.58,\n",
       " 16: 156.19,\n",
       " 17: 292.05,\n",
       " 18: 235.20000000000002,\n",
       " 19: 8.34}"
      ]
     },
     "execution_count": 514,
     "metadata": {},
     "output_type": "execute_result"
    }
   ],
   "source": [
    "Demanda={k: row['demanda'] for k, row in demanda.iterrows()}\n",
    "Demanda"
   ]
  },
  {
   "cell_type": "code",
   "execution_count": 515,
   "metadata": {},
   "outputs": [
    {
     "data": {
      "text/plain": [
       "{0: 29777.82,\n",
       " 1: 1387.1699999999998,\n",
       " 2: 140.91,\n",
       " 3: 308.76,\n",
       " 4: 330.0,\n",
       " 5: 410.66999999999996,\n",
       " 6: 371.25,\n",
       " 7: 335.43,\n",
       " 8: 2705.79,\n",
       " 9: 216.0,\n",
       " 10: 273.9,\n",
       " 11: 205.07999999999998,\n",
       " 12: 206.13,\n",
       " 13: 157.73999999999998,\n",
       " 14: 6.81,\n",
       " 15: 1051.74,\n",
       " 16: 468.57,\n",
       " 17: 876.15,\n",
       " 18: 705.6,\n",
       " 19: 25.02}"
      ]
     },
     "execution_count": 515,
     "metadata": {},
     "output_type": "execute_result"
    }
   ],
   "source": [
    "Oferta={k: row['oferta'] for k, row in oferta.iterrows()}\n",
    "Oferta"
   ]
  },
  {
   "cell_type": "code",
   "execution_count": 516,
   "metadata": {},
   "outputs": [
    {
     "name": "stdout",
     "output_type": "stream",
     "text": [
      "380 380\n"
     ]
    }
   ],
   "source": [
    "#costos_1={k: row['costo']for k, row in costos.iterrows() if k%21!=0}\n",
    "costos_1={k: row['costo']for k, row in costos.iterrows()}\n",
    "print (len(costos_1),len(tramos))\n"
   ]
  },
  {
   "cell_type": "code",
   "execution_count": 517,
   "metadata": {
    "scrolled": true
   },
   "outputs": [
    {
     "data": {
      "text/plain": [
       "{(0, 1): 2025925.0,\n",
       " (0, 2): 3716625.0,\n",
       " (0, 3): 4846187.5,\n",
       " (0, 4): 7017862.5,\n",
       " (0, 5): 8963625.0,\n",
       " (0, 6): 7221912.5,\n",
       " (0, 7): 6835675.0,\n",
       " (0, 8): 9036500.0,\n",
       " (0, 9): 8817875.0,\n",
       " (0, 10): 8162000.0,\n",
       " (0, 11): 6478587.5,\n",
       " (0, 12): 6274537.5,\n",
       " (0, 13): 5028375.0,\n",
       " (0, 14): 4015412.5,\n",
       " (0, 15): 4226750.0,\n",
       " (0, 16): 3541725.0,\n",
       " (0, 17): 5247000.0,\n",
       " (0, 18): 1085837.5,\n",
       " (0, 19): 1792725.0,\n",
       " (1, 0): 2025925.0,\n",
       " (1, 2): 1668837.5,\n",
       " (1, 3): 3651037.5,\n",
       " (1, 4): 6711787.5,\n",
       " (1, 5): 8817875.0,\n",
       " (1, 6): 8890750.0,\n",
       " (1, 7): 7360375.0,\n",
       " (1, 8): 10639750.0,\n",
       " (1, 9): 10056750.0,\n",
       " (1, 10): 8672125.0,\n",
       " (1, 11): 6988712.5,\n",
       " (1, 12): 6784662.5,\n",
       " (1, 13): 6966850.0,\n",
       " (1, 14): 5946600.0,\n",
       " (1, 15): 4736875.0,\n",
       " (1, 16): 4066425.0,\n",
       " (1, 17): 5778987.5,\n",
       " (1, 18): 2397587.5,\n",
       " (1, 19): 3702050.0,\n",
       " (2, 0): 3716625.0,\n",
       " (2, 1): 1668837.5,\n",
       " (2, 3): 3068037.5,\n",
       " (2, 4): 5123112.5,\n",
       " (2, 5): 7236487.5,\n",
       " (2, 6): 8526375.0,\n",
       " (2, 7): 8162000.0,\n",
       " (2, 8): 10348250.0,\n",
       " (2, 9): 10129625.0,\n",
       " (2, 10): 11295625.0,\n",
       " (2, 11): 9619500.0,\n",
       " (2, 12): 9400875.0,\n",
       " (2, 13): 8453500.0,\n",
       " (2, 14): 7433250.0,\n",
       " (2, 15): 6442150.0,\n",
       " (2, 16): 5093962.5,\n",
       " (2, 17): 6136075.0,\n",
       " (2, 18): 4248612.5,\n",
       " (2, 19): 5647812.5,\n",
       " (3, 0): 4846187.5,\n",
       " (3, 1): 3651037.5,\n",
       " (3, 2): 3068037.5,\n",
       " (3, 4): 2302850.0,\n",
       " (3, 5): 4277762.5,\n",
       " (3, 6): 5516637.5,\n",
       " (3, 7): 5123112.5,\n",
       " (3, 8): 7287500.0,\n",
       " (3, 9): 7112600.0,\n",
       " (3, 10): 8307750.0,\n",
       " (3, 11): 8016250.0,\n",
       " (3, 12): 8526375.0,\n",
       " (3, 13): 9546625.0,\n",
       " (3, 14): 8599250.0,\n",
       " (3, 15): 6004900.0,\n",
       " (3, 16): 3986262.5,\n",
       " (3, 17): 3111762.5,\n",
       " (3, 18): 4554687.5,\n",
       " (3, 19): 6274537.5,\n",
       " (4, 0): 7017862.5,\n",
       " (4, 1): 6711787.5,\n",
       " (4, 2): 5123112.5,\n",
       " (4, 3): 2302850.0,\n",
       " (4, 5): 2193537.5,\n",
       " (4, 6): 3884237.5,\n",
       " (4, 7): 5195987.5,\n",
       " (4, 8): 7360375.0,\n",
       " (4, 9): 7724750.0,\n",
       " (4, 10): 8890750.0,\n",
       " (4, 11): 8599250.0,\n",
       " (4, 12): 9109375.0,\n",
       " (4, 13): 10494000.0,\n",
       " (4, 14): 10712625.0,\n",
       " (4, 15): 8089125.0,\n",
       " (4, 16): 5757125.0,\n",
       " (4, 17): 4875337.5,\n",
       " (4, 18): 6726362.5,\n",
       " (4, 19): 8453500.0,\n",
       " (5, 0): 8963625.0,\n",
       " (5, 1): 8817875.0,\n",
       " (5, 2): 7236487.5,\n",
       " (5, 3): 4277762.5,\n",
       " (5, 4): 2193537.5,\n",
       " (5, 6): 1821875.0,\n",
       " (5, 7): 3126337.5,\n",
       " (5, 8): 4795175.0,\n",
       " (5, 9): 5669675.0,\n",
       " (5, 10): 6828387.5,\n",
       " (5, 11): 6536887.5,\n",
       " (5, 12): 7061587.5,\n",
       " (5, 13): 8453500.0,\n",
       " (5, 14): 9400875.0,\n",
       " (5, 15): 7360375.0,\n",
       " (5, 16): 5866437.5,\n",
       " (5, 17): 3833225.0,\n",
       " (5, 18): 8380625.0,\n",
       " (5, 19): 9692375.0,\n",
       " (6, 0): 7221912.5,\n",
       " (6, 1): 8890750.0,\n",
       " (6, 2): 8526375.0,\n",
       " (6, 3): 5516637.5,\n",
       " (6, 4): 8890750.0,\n",
       " (6, 5): 1821875.0,\n",
       " (6, 7): 1304462.5,\n",
       " (6, 8): 3483425.0,\n",
       " (6, 9): 3847800.0,\n",
       " (6, 10): 5013800.0,\n",
       " (6, 11): 4715012.5,\n",
       " (6, 12): 5239712.5,\n",
       " (6, 13): 6631625.0,\n",
       " (6, 14): 7579000.0,\n",
       " (6, 15): 5574937.5,\n",
       " (6, 16): 4044562.5,\n",
       " (6, 17): 2011350.0,\n",
       " (6, 18): 6544175.0,\n",
       " (6, 19): 7870500.0,\n",
       " (7, 0): 6835675.0,\n",
       " (7, 1): 7360375.0,\n",
       " (7, 2): 8162000.0,\n",
       " (7, 3): 5123112.5,\n",
       " (7, 4): 5195987.5,\n",
       " (7, 5): 2317425.0,\n",
       " (7, 6): 1304462.5,\n",
       " (7, 8): 2317425.0,\n",
       " (7, 9): 2572487.5,\n",
       " (7, 10): 3694762.5,\n",
       " (7, 11): 4336062.5,\n",
       " (7, 12): 4860762.5,\n",
       " (7, 13): 6252675.0,\n",
       " (7, 14): 7170900.0,\n",
       " (7, 15): 5195987.5,\n",
       " (7, 16): 3665612.5,\n",
       " (7, 17): 1632400.0,\n",
       " (7, 18): 6165225.0,\n",
       " (7, 19): 7506125.0,\n",
       " (8, 0): 9036500.0,\n",
       " (8, 1): 10639750.0,\n",
       " (8, 2): 10348250.0,\n",
       " (8, 3): 7287500.0,\n",
       " (8, 4): 7360375.0,\n",
       " (8, 5): 4795175.0,\n",
       " (8, 6): 3483425.0,\n",
       " (8, 7): 2317425.0,\n",
       " (8, 9): 4132012.5,\n",
       " (8, 10): 4729587.5,\n",
       " (8, 11): 6529600.0,\n",
       " (8, 12): 7054300.0,\n",
       " (8, 13): 8453500.0,\n",
       " (8, 14): 9328000.0,\n",
       " (8, 15): 7149037.5,\n",
       " (8, 16): 5778987.5,\n",
       " (8, 17): 3789500.0,\n",
       " (8, 18): 8234875.0,\n",
       " (8, 19): 9692375.0,\n",
       " (9, 0): 8817875.0,\n",
       " (9, 1): 10056750.0,\n",
       " (9, 2): 10129625.0,\n",
       " (9, 3): 7112600.0,\n",
       " (9, 4): 7724750.0,\n",
       " (9, 5): 5669675.0,\n",
       " (9, 6): 3847800.0,\n",
       " (9, 7): 2572487.5,\n",
       " (9, 8): 4132012.5,\n",
       " (9, 10): 1457500.0,\n",
       " (9, 11): 3082612.5,\n",
       " (9, 12): 5195987.5,\n",
       " (9, 13): 6587900.0,\n",
       " (9, 14): 7506125.0,\n",
       " (9, 15): 5319875.0,\n",
       " (9, 16): 5582225.0,\n",
       " (9, 17): 4132012.5,\n",
       " (9, 18): 8089125.0,\n",
       " (9, 19): 8599250.0,\n",
       " (10, 0): 8162000.0,\n",
       " (10, 1): 8672125.0,\n",
       " (10, 2): 11295625.0,\n",
       " (10, 3): 8307750.0,\n",
       " (10, 4): 8890750.0,\n",
       " (10, 5): 6828387.5,\n",
       " (10, 6): 5013800.0,\n",
       " (10, 7): 3694762.5,\n",
       " (10, 8): 4729587.5,\n",
       " (10, 9): 3082612.5,\n",
       " (10, 11): 1727137.5,\n",
       " (10, 12): 3068037.5,\n",
       " (10, 13): 5225137.5,\n",
       " (10, 14): 6143362.5,\n",
       " (10, 15): 3957112.5,\n",
       " (10, 16): 6092350.0,\n",
       " (10, 17): 5290725.0,\n",
       " (10, 18): 8089125.0,\n",
       " (10, 19): 7258350.0,\n",
       " (11, 0): 6478587.5,\n",
       " (11, 1): 6988712.5,\n",
       " (11, 2): 9619500.0,\n",
       " (11, 3): 8016250.0,\n",
       " (11, 4): 8599250.0,\n",
       " (11, 5): 6536887.5,\n",
       " (11, 6): 4715012.5,\n",
       " (11, 7): 4336062.5,\n",
       " (11, 8): 6529600.0,\n",
       " (11, 9): 5195987.5,\n",
       " (11, 10): 1727137.5,\n",
       " (11, 12): 1340900.0,\n",
       " (11, 13): 3519862.5,\n",
       " (11, 14): 4438087.5,\n",
       " (11, 15): 2251837.5,\n",
       " (11, 16): 4387075.0,\n",
       " (11, 17): 5035662.5,\n",
       " (11, 18): 5735262.5,\n",
       " (11, 19): 5553075.0,\n",
       " (12, 0): 6274537.5,\n",
       " (12, 1): 6784662.5,\n",
       " (12, 2): 9400875.0,\n",
       " (12, 3): 8526375.0,\n",
       " (12, 4): 9109375.0,\n",
       " (12, 5): 7061587.5,\n",
       " (12, 6): 5239712.5,\n",
       " (12, 7): 4860762.5,\n",
       " (12, 8): 7054300.0,\n",
       " (12, 9): 6587900.0,\n",
       " (12, 10): 3068037.5,\n",
       " (12, 11): 1340900.0,\n",
       " (12, 13): 2047787.5,\n",
       " (12, 14): 3221075.0,\n",
       " (12, 15): 2237262.5,\n",
       " (12, 16): 4350637.5,\n",
       " (12, 17): 5560362.5,\n",
       " (12, 18): 5538500.0,\n",
       " (12, 19): 5028375.0,\n",
       " (13, 0): 5028375.0,\n",
       " (13, 1): 6966850.0,\n",
       " (13, 2): 8453500.0,\n",
       " (13, 3): 9546625.0,\n",
       " (13, 4): 10494000.0,\n",
       " (13, 5): 8453500.0,\n",
       " (13, 6): 6631625.0,\n",
       " (13, 7): 6252675.0,\n",
       " (13, 8): 8453500.0,\n",
       " (13, 9): 7506125.0,\n",
       " (13, 10): 5225137.5,\n",
       " (13, 11): 3519862.5,\n",
       " (13, 12): 2047787.5,\n",
       " (13, 14): 1078550.0,\n",
       " (13, 15): 3607312.5,\n",
       " (13, 16): 5735262.5,\n",
       " (13, 17): 6944987.5,\n",
       " (13, 18): 6259962.5,\n",
       " (13, 19): 3512575.0,\n",
       " (14, 0): 4015412.5,\n",
       " (14, 1): 5946600.0,\n",
       " (14, 2): 7433250.0,\n",
       " (14, 3): 8599250.0,\n",
       " (14, 4): 10712625.0,\n",
       " (14, 5): 9400875.0,\n",
       " (14, 6): 7579000.0,\n",
       " (14, 7): 7170900.0,\n",
       " (14, 8): 9328000.0,\n",
       " (14, 9): 5319875.0,\n",
       " (14, 10): 6143362.5,\n",
       " (14, 11): 4438087.5,\n",
       " (14, 12): 3221075.0,\n",
       " (14, 13): 1078550.0,\n",
       " (14, 15): 2601637.5,\n",
       " (14, 16): 4729587.5,\n",
       " (14, 17): 6442150.0,\n",
       " (14, 18): 5247000.0,\n",
       " (14, 19): 2492325.0,\n",
       " (15, 0): 4226750.0,\n",
       " (15, 1): 4736875.0,\n",
       " (15, 2): 6442150.0,\n",
       " (15, 3): 6004900.0,\n",
       " (15, 4): 8089125.0,\n",
       " (15, 5): 7360375.0,\n",
       " (15, 6): 5574937.5,\n",
       " (15, 7): 5195987.5,\n",
       " (15, 8): 7149037.5,\n",
       " (15, 9): 5582225.0,\n",
       " (15, 10): 3957112.5,\n",
       " (15, 11): 2251837.5,\n",
       " (15, 12): 2237262.5,\n",
       " (15, 13): 3607312.5,\n",
       " (15, 14): 2601637.5,\n",
       " (15, 16): 2164387.5,\n",
       " (15, 17): 3876950.0,\n",
       " (15, 18): 4168450.0,\n",
       " (15, 19): 3315812.5,\n",
       " (16, 0): 3541725.0,\n",
       " (16, 1): 4066425.0,\n",
       " (16, 2): 5093962.5,\n",
       " (16, 3): 3986262.5,\n",
       " (16, 4): 5757125.0,\n",
       " (16, 5): 5866437.5,\n",
       " (16, 6): 4044562.5,\n",
       " (16, 7): 3665612.5,\n",
       " (16, 8): 5778987.5,\n",
       " (16, 9): 8089125.0,\n",
       " (16, 10): 6092350.0,\n",
       " (16, 11): 4387075.0,\n",
       " (16, 12): 4350637.5,\n",
       " (16, 13): 5735262.5,\n",
       " (16, 14): 4729587.5,\n",
       " (16, 15): 2164387.5,\n",
       " (16, 17): 1843737.5,\n",
       " (16, 18): 4561975.0,\n",
       " (16, 19): 4175737.5,\n",
       " (17, 0): 5247000.0,\n",
       " (17, 1): 5778987.5,\n",
       " (17, 2): 6136075.0,\n",
       " (17, 3): 3111762.5,\n",
       " (17, 4): 4875337.5,\n",
       " (17, 5): 3833225.0,\n",
       " (17, 6): 2011350.0,\n",
       " (17, 7): 1632400.0,\n",
       " (17, 8): 3789500.0,\n",
       " (17, 9): 4132012.5,\n",
       " (17, 10): 5290725.0,\n",
       " (17, 11): 5035662.5,\n",
       " (17, 12): 5560362.5,\n",
       " (17, 13): 6944987.5,\n",
       " (17, 14): 6442150.0,\n",
       " (17, 15): 3876950.0,\n",
       " (17, 16): 1843737.5,\n",
       " (17, 18): 4518250.0,\n",
       " (17, 19): 5932025.0,\n",
       " (18, 0): 1085837.5,\n",
       " (18, 1): 2397587.5,\n",
       " (18, 2): 4248612.5,\n",
       " (18, 3): 4554687.5,\n",
       " (18, 4): 6726362.5,\n",
       " (18, 5): 8380625.0,\n",
       " (18, 6): 6544175.0,\n",
       " (18, 7): 6165225.0,\n",
       " (18, 8): 8234875.0,\n",
       " (18, 9): 8599250.0,\n",
       " (18, 10): 8089125.0,\n",
       " (18, 11): 5735262.5,\n",
       " (18, 12): 5538500.0,\n",
       " (18, 13): 6259962.5,\n",
       " (18, 14): 5247000.0,\n",
       " (18, 15): 4168450.0,\n",
       " (18, 16): 4561975.0,\n",
       " (18, 17): 4518250.0,\n",
       " (18, 19): 2696375.0,\n",
       " (19, 0): 1792725.0,\n",
       " (19, 1): 3702050.0,\n",
       " (19, 2): 5647812.5,\n",
       " (19, 3): 6274537.5,\n",
       " (19, 4): 8453500.0,\n",
       " (19, 5): 9692375.0,\n",
       " (19, 6): 7870500.0,\n",
       " (19, 7): 7506125.0,\n",
       " (19, 8): 9692375.0,\n",
       " (19, 9): 4678575.0,\n",
       " (19, 10): 7258350.0,\n",
       " (19, 11): 5553075.0,\n",
       " (19, 12): 5028375.0,\n",
       " (19, 13): 3512575.0,\n",
       " (19, 14): 2492325.0,\n",
       " (19, 15): 3315812.5,\n",
       " (19, 16): 4175737.5,\n",
       " (19, 17): 5932025.0,\n",
       " (19, 18): 2696375.0}"
      ]
     },
     "execution_count": 517,
     "metadata": {},
     "output_type": "execute_result"
    }
   ],
   "source": [
    "Costos={tramos[k]: costos_1[k]for k in costos_1}\n",
    "Costos"
   ]
  },
  {
   "cell_type": "code",
   "execution_count": 518,
   "metadata": {},
   "outputs": [],
   "source": [
    "from docplex.mp.model import Model"
   ]
  },
  {
   "cell_type": "code",
   "execution_count": 519,
   "metadata": {},
   "outputs": [],
   "source": [
    "mdl=Model('Transmision')"
   ]
  },
  {
   "cell_type": "code",
   "execution_count": 520,
   "metadata": {},
   "outputs": [],
   "source": [
    "x=mdl.integer_var_dict(tramos,name='x')"
   ]
  },
  {
   "cell_type": "code",
   "execution_count": 521,
   "metadata": {},
   "outputs": [],
   "source": [
    "mdl.minimize(mdl.sum(x[i]*Costos[i] for i in tramos))"
   ]
  },
  {
   "cell_type": "code",
   "execution_count": 523,
   "metadata": {},
   "outputs": [],
   "source": [
    "for k in ciudadesi:\n",
    "    mdl.add_constraint(mdl.sum(x[k,j]for j in ciudadesd if j!=k)<=Oferta[k])"
   ]
  },
  {
   "cell_type": "code",
   "execution_count": 524,
   "metadata": {},
   "outputs": [],
   "source": [
    "for k in ciudadesd:\n",
    "    mdl.add_constraint(mdl.sum(x[k,j]for j in ciudadesi if j!=k)>=Demanda[k])"
   ]
  },
  {
   "cell_type": "code",
   "execution_count": 525,
   "metadata": {
    "scrolled": false
   },
   "outputs": [
    {
     "name": "stdout",
     "output_type": "stream",
     "text": [
      "\\ This file has been generated by DOcplex\n",
      "\\ ENCODING=ISO-8859-1\n",
      "\\Problem name: Transmision\n",
      "\n",
      "Minimize\n",
      " obj: 2025925 x_0_1 + 3716625 x_0_2 + 4846187.500000000000 x_0_3\n",
      "      + 7017862.500000000000 x_0_4 + 8963625 x_0_5 + 7221912.500000000000 x_0_6\n",
      "      + 6835675 x_0_7 + 9036500 x_0_8 + 8817875 x_0_9 + 8162000 x_0_10\n",
      "      + 6478587.500000000000 x_0_11 + 6274537.500000000000 x_0_12\n",
      "      + 5028375 x_0_13 + 4015412.500000000000 x_0_14 + 4226750 x_0_15\n",
      "      + 3541725 x_0_16 + 5247000 x_0_17 + 1085837.500000000000 x_0_18\n",
      "      + 1792725 x_0_19 + 2025925 x_1_0 + 1668837.500000000000 x_1_2\n",
      "      + 3651037.500000000000 x_1_3 + 6711787.500000000000 x_1_4 + 8817875 x_1_5\n",
      "      + 8890750 x_1_6 + 7360375 x_1_7 + 10639750 x_1_8 + 10056750 x_1_9\n",
      "      + 8672125 x_1_10 + 6988712.500000000000 x_1_11\n",
      "      + 6784662.500000000000 x_1_12 + 6966850 x_1_13 + 5946600 x_1_14\n",
      "      + 4736875 x_1_15 + 4066425 x_1_16 + 5778987.500000000000 x_1_17\n",
      "      + 2397587.500000000000 x_1_18 + 3702050 x_1_19 + 3716625 x_2_0\n",
      "      + 1668837.500000000000 x_2_1 + 3068037.500000000000 x_2_3\n",
      "      + 5123112.500000000000 x_2_4 + 7236487.500000000000 x_2_5 + 8526375 x_2_6\n",
      "      + 8162000 x_2_7 + 10348250 x_2_8 + 10129625 x_2_9 + 11295625 x_2_10\n",
      "      + 9619500 x_2_11 + 9400875 x_2_12 + 8453500 x_2_13 + 7433250 x_2_14\n",
      "      + 6442150 x_2_15 + 5093962.500000000000 x_2_16 + 6136075 x_2_17\n",
      "      + 4248612.500000000000 x_2_18 + 5647812.500000000000 x_2_19\n",
      "      + 4846187.500000000000 x_3_0 + 3651037.500000000000 x_3_1\n",
      "      + 3068037.500000000000 x_3_2 + 2302850 x_3_4 + 4277762.500000000000 x_3_5\n",
      "      + 5516637.500000000000 x_3_6 + 5123112.500000000000 x_3_7 + 7287500 x_3_8\n",
      "      + 7112600 x_3_9 + 8307750 x_3_10 + 8016250 x_3_11 + 8526375 x_3_12\n",
      "      + 9546625 x_3_13 + 8599250 x_3_14 + 6004900 x_3_15\n",
      "      + 3986262.500000000000 x_3_16 + 3111762.500000000000 x_3_17\n",
      "      + 4554687.500000000000 x_3_18 + 6274537.500000000000 x_3_19\n",
      "      + 7017862.500000000000 x_4_0 + 6711787.500000000000 x_4_1\n",
      "      + 5123112.500000000000 x_4_2 + 2302850 x_4_3 + 2193537.500000000000 x_4_5\n",
      "      + 3884237.500000000000 x_4_6 + 5195987.500000000000 x_4_7 + 7360375 x_4_8\n",
      "      + 7724750 x_4_9 + 8890750 x_4_10 + 8599250 x_4_11 + 9109375 x_4_12\n",
      "      + 10494000 x_4_13 + 10712625 x_4_14 + 8089125 x_4_15 + 5757125 x_4_16\n",
      "      + 4875337.500000000000 x_4_17 + 6726362.500000000000 x_4_18\n",
      "      + 8453500 x_4_19 + 8963625 x_5_0 + 8817875 x_5_1\n",
      "      + 7236487.500000000000 x_5_2 + 4277762.500000000000 x_5_3\n",
      "      + 2193537.500000000000 x_5_4 + 1821875 x_5_6 + 3126337.500000000000 x_5_7\n",
      "      + 4795175 x_5_8 + 5669675 x_5_9 + 6828387.500000000000 x_5_10\n",
      "      + 6536887.500000000000 x_5_11 + 7061587.500000000000 x_5_12\n",
      "      + 8453500 x_5_13 + 9400875 x_5_14 + 7360375 x_5_15\n",
      "      + 5866437.500000000000 x_5_16 + 3833225 x_5_17 + 8380625 x_5_18\n",
      "      + 9692375 x_5_19 + 7221912.500000000000 x_6_0 + 8890750 x_6_1\n",
      "      + 8526375 x_6_2 + 5516637.500000000000 x_6_3 + 8890750 x_6_4\n",
      "      + 1821875 x_6_5 + 1304462.500000000000 x_6_7 + 3483425 x_6_8\n",
      "      + 3847800 x_6_9 + 5013800 x_6_10 + 4715012.500000000000 x_6_11\n",
      "      + 5239712.500000000000 x_6_12 + 6631625 x_6_13 + 7579000 x_6_14\n",
      "      + 5574937.500000000000 x_6_15 + 4044562.500000000000 x_6_16\n",
      "      + 2011350 x_6_17 + 6544175 x_6_18 + 7870500 x_6_19 + 6835675 x_7_0\n",
      "      + 7360375 x_7_1 + 8162000 x_7_2 + 5123112.500000000000 x_7_3\n",
      "      + 5195987.500000000000 x_7_4 + 2317425 x_7_5 + 1304462.500000000000 x_7_6\n",
      "      + 2317425 x_7_8 + 2572487.500000000000 x_7_9 + 3694762.500000000000 x_7_10\n",
      "      + 4336062.500000000000 x_7_11 + 4860762.500000000000 x_7_12\n",
      "      + 6252675 x_7_13 + 7170900 x_7_14 + 5195987.500000000000 x_7_15\n",
      "      + 3665612.500000000000 x_7_16 + 1632400 x_7_17 + 6165225 x_7_18\n",
      "      + 7506125 x_7_19 + 9036500 x_8_0 + 10639750 x_8_1 + 10348250 x_8_2\n",
      "      + 7287500 x_8_3 + 7360375 x_8_4 + 4795175 x_8_5 + 3483425 x_8_6\n",
      "      + 2317425 x_8_7 + 4132012.500000000000 x_8_9 + 4729587.500000000000 x_8_10\n",
      "      + 6529600 x_8_11 + 7054300 x_8_12 + 8453500 x_8_13 + 9328000 x_8_14\n",
      "      + 7149037.500000000000 x_8_15 + 5778987.500000000000 x_8_16\n",
      "      + 3789500 x_8_17 + 8234875 x_8_18 + 9692375 x_8_19 + 8817875 x_9_0\n",
      "      + 10056750 x_9_1 + 10129625 x_9_2 + 7112600 x_9_3 + 7724750 x_9_4\n",
      "      + 5669675 x_9_5 + 3847800 x_9_6 + 2572487.500000000000 x_9_7\n",
      "      + 4132012.500000000000 x_9_8 + 1457500 x_9_10\n",
      "      + 3082612.500000000000 x_9_11 + 5195987.500000000000 x_9_12\n",
      "      + 6587900 x_9_13 + 7506125 x_9_14 + 5319875 x_9_15 + 5582225 x_9_16\n",
      "      + 4132012.500000000000 x_9_17 + 8089125 x_9_18 + 8599250 x_9_19\n",
      "      + 8162000 x_10_0 + 8672125 x_10_1 + 11295625 x_10_2 + 8307750 x_10_3\n",
      "      + 8890750 x_10_4 + 6828387.500000000000 x_10_5 + 5013800 x_10_6\n",
      "      + 3694762.500000000000 x_10_7 + 4729587.500000000000 x_10_8\n",
      "      + 3082612.500000000000 x_10_9 + 1727137.500000000000 x_10_11\n",
      "      + 3068037.500000000000 x_10_12 + 5225137.500000000000 x_10_13\n",
      "      + 6143362.500000000000 x_10_14 + 3957112.500000000000 x_10_15\n",
      "      + 6092350 x_10_16 + 5290725 x_10_17 + 8089125 x_10_18 + 7258350 x_10_19\n",
      "      + 6478587.500000000000 x_11_0 + 6988712.500000000000 x_11_1\n",
      "      + 9619500 x_11_2 + 8016250 x_11_3 + 8599250 x_11_4\n",
      "      + 6536887.500000000000 x_11_5 + 4715012.500000000000 x_11_6\n",
      "      + 4336062.500000000000 x_11_7 + 6529600 x_11_8\n",
      "      + 5195987.500000000000 x_11_9 + 1727137.500000000000 x_11_10\n",
      "      + 1340900 x_11_12 + 3519862.500000000000 x_11_13\n",
      "      + 4438087.500000000000 x_11_14 + 2251837.500000000000 x_11_15\n",
      "      + 4387075 x_11_16 + 5035662.500000000000 x_11_17\n",
      "      + 5735262.500000000000 x_11_18 + 5553075 x_11_19\n",
      "      + 6274537.500000000000 x_12_0 + 6784662.500000000000 x_12_1\n",
      "      + 9400875 x_12_2 + 8526375 x_12_3 + 9109375 x_12_4\n",
      "      + 7061587.500000000000 x_12_5 + 5239712.500000000000 x_12_6\n",
      "      + 4860762.500000000000 x_12_7 + 7054300 x_12_8 + 6587900 x_12_9\n",
      "      + 3068037.500000000000 x_12_10 + 1340900 x_12_11\n",
      "      + 2047787.500000000000 x_12_13 + 3221075 x_12_14\n",
      "      + 2237262.500000000000 x_12_15 + 4350637.500000000000 x_12_16\n",
      "      + 5560362.500000000000 x_12_17 + 5538500 x_12_18 + 5028375 x_12_19\n",
      "      + 5028375 x_13_0 + 6966850 x_13_1 + 8453500 x_13_2 + 9546625 x_13_3\n",
      "      + 10494000 x_13_4 + 8453500 x_13_5 + 6631625 x_13_6 + 6252675 x_13_7\n",
      "      + 8453500 x_13_8 + 7506125 x_13_9 + 5225137.500000000000 x_13_10\n",
      "      + 3519862.500000000000 x_13_11 + 2047787.500000000000 x_13_12\n",
      "      + 1078550 x_13_14 + 3607312.500000000000 x_13_15\n",
      "      + 5735262.500000000000 x_13_16 + 6944987.500000000000 x_13_17\n",
      "      + 6259962.500000000000 x_13_18 + 3512575 x_13_19\n",
      "      + 4015412.500000000000 x_14_0 + 5946600 x_14_1 + 7433250 x_14_2\n",
      "      + 8599250 x_14_3 + 10712625 x_14_4 + 9400875 x_14_5 + 7579000 x_14_6\n",
      "      + 7170900 x_14_7 + 9328000 x_14_8 + 5319875 x_14_9\n",
      "      + 6143362.500000000000 x_14_10 + 4438087.500000000000 x_14_11\n",
      "      + 3221075 x_14_12 + 1078550 x_14_13 + 2601637.500000000000 x_14_15\n",
      "      + 4729587.500000000000 x_14_16 + 6442150 x_14_17 + 5247000 x_14_18\n",
      "      + 2492325 x_14_19 + 4226750 x_15_0 + 4736875 x_15_1 + 6442150 x_15_2\n",
      "      + 6004900 x_15_3 + 8089125 x_15_4 + 7360375 x_15_5\n",
      "      + 5574937.500000000000 x_15_6 + 5195987.500000000000 x_15_7\n",
      "      + 7149037.500000000000 x_15_8 + 5582225 x_15_9\n",
      "      + 3957112.500000000000 x_15_10 + 2251837.500000000000 x_15_11\n",
      "      + 2237262.500000000000 x_15_12 + 3607312.500000000000 x_15_13\n",
      "      + 2601637.500000000000 x_15_14 + 2164387.500000000000 x_15_16\n",
      "      + 3876950 x_15_17 + 4168450 x_15_18 + 3315812.500000000000 x_15_19\n",
      "      + 3541725 x_16_0 + 4066425 x_16_1 + 5093962.500000000000 x_16_2\n",
      "      + 3986262.500000000000 x_16_3 + 5757125 x_16_4\n",
      "      + 5866437.500000000000 x_16_5 + 4044562.500000000000 x_16_6\n",
      "      + 3665612.500000000000 x_16_7 + 5778987.500000000000 x_16_8\n",
      "      + 8089125 x_16_9 + 6092350 x_16_10 + 4387075 x_16_11\n",
      "      + 4350637.500000000000 x_16_12 + 5735262.500000000000 x_16_13\n",
      "      + 4729587.500000000000 x_16_14 + 2164387.500000000000 x_16_15\n",
      "      + 1843737.500000000000 x_16_17 + 4561975 x_16_18\n",
      "      + 4175737.500000000000 x_16_19 + 5247000 x_17_0\n",
      "      + 5778987.500000000000 x_17_1 + 6136075 x_17_2\n",
      "      + 3111762.500000000000 x_17_3 + 4875337.500000000000 x_17_4\n",
      "      + 3833225 x_17_5 + 2011350 x_17_6 + 1632400 x_17_7 + 3789500 x_17_8\n",
      "      + 4132012.500000000000 x_17_9 + 5290725 x_17_10\n",
      "      + 5035662.500000000000 x_17_11 + 5560362.500000000000 x_17_12\n",
      "      + 6944987.500000000000 x_17_13 + 6442150 x_17_14 + 3876950 x_17_15\n",
      "      + 1843737.500000000000 x_17_16 + 4518250 x_17_18 + 5932025 x_17_19\n",
