{
 "cells": [
  {
   "cell_type": "code",
   "execution_count": 189,
   "metadata": {},
   "outputs": [],
   "source": [
    "import pandas as pd\n"
   ]
  },
  {
   "cell_type": "code",
   "execution_count": 190,
   "metadata": {},
   "outputs": [],
   "source": [
    "excel=pd.ExcelFile('/Users/Juan/Problema_de_Transporte.xlsx')\n",
    "#excel=pd.ExcelFile(\"/Users/Juan/Problema_de_Transporte2.xlsx\")\n",
    "demanda=pd.read_excel(excel,'demanda')\n",
    "oferta=pd.read_excel(excel,'oferta')\n",
    "costos=pd.read_excel(excel,'Costofibra')\n",
    "                   "
   ]
  },
  {
   "cell_type": "code",
   "execution_count": 191,
   "metadata": {},
   "outputs": [
    {
     "data": {
      "text/plain": [
       "[0, 1, 2, 3, 4, 5, 6, 7, 8, 9, 10, 11, 12, 13, 14, 15, 16, 17, 18, 19]"
      ]
     },
     "execution_count": 191,
     "metadata": {},
     "output_type": "execute_result"
    }
   ],
   "source": [
    "ciudadesi=[k for k in range(len(oferta))]\n",
    "ciudadesi"
   ]
  },
  {
   "cell_type": "code",
   "execution_count": 192,
   "metadata": {},
   "outputs": [
    {
     "data": {
      "text/plain": [
       "[0, 1, 2, 3, 4, 5, 6, 7, 8, 9, 10, 11, 12, 13, 14, 15, 16, 17, 18, 19]"
      ]
     },
     "execution_count": 192,
     "metadata": {},
     "output_type": "execute_result"
    }
   ],
   "source": [
    "ciudadesd=[k for k in range(len(demanda))]\n",
    "ciudadesd"
   ]
  },
  {
   "cell_type": "code",
   "execution_count": 193,
   "metadata": {},
   "outputs": [
    {
     "data": {
      "text/plain": [
       "[(0, 1),\n",
       " (0, 2),\n",
       " (0, 3),\n",
       " (0, 4),\n",
       " (0, 5),\n",
       " (0, 6),\n",
       " (0, 7),\n",
       " (0, 8),\n",
       " (0, 9),\n",
       " (0, 10),\n",
       " (0, 11),\n",
       " (0, 12),\n",
       " (0, 13),\n",
       " (0, 14),\n",
       " (0, 15),\n",
       " (0, 16),\n",
       " (0, 17),\n",
       " (0, 18),\n",
       " (0, 19),\n",
       " (1, 0),\n",
       " (1, 2),\n",
       " (1, 3),\n",
       " (1, 4),\n",
       " (1, 5),\n",
       " (1, 6),\n",
       " (1, 7),\n",
       " (1, 8),\n",
       " (1, 9),\n",
       " (1, 10),\n",
       " (1, 11),\n",
       " (1, 12),\n",
       " (1, 13),\n",
       " (1, 14),\n",
       " (1, 15),\n",
       " (1, 16),\n",
       " (1, 17),\n",
       " (1, 18),\n",
       " (1, 19),\n",
       " (2, 0),\n",
       " (2, 1),\n",
       " (2, 3),\n",
       " (2, 4),\n",
       " (2, 5),\n",
       " (2, 6),\n",
       " (2, 7),\n",
       " (2, 8),\n",
       " (2, 9),\n",
       " (2, 10),\n",
       " (2, 11),\n",
       " (2, 12),\n",
       " (2, 13),\n",
       " (2, 14),\n",
       " (2, 15),\n",
       " (2, 16),\n",
       " (2, 17),\n",
       " (2, 18),\n",
       " (2, 19),\n",
       " (3, 0),\n",
       " (3, 1),\n",
       " (3, 2),\n",
       " (3, 4),\n",
       " (3, 5),\n",
       " (3, 6),\n",
       " (3, 7),\n",
       " (3, 8),\n",
       " (3, 9),\n",
       " (3, 10),\n",
       " (3, 11),\n",
       " (3, 12),\n",
       " (3, 13),\n",
       " (3, 14),\n",
       " (3, 15),\n",
       " (3, 16),\n",
       " (3, 17),\n",
       " (3, 18),\n",
       " (3, 19),\n",
       " (4, 0),\n",
       " (4, 1),\n",
       " (4, 2),\n",
       " (4, 3),\n",
       " (4, 5),\n",
       " (4, 6),\n",
       " (4, 7),\n",
       " (4, 8),\n",
       " (4, 9),\n",
       " (4, 10),\n",
       " (4, 11),\n",
       " (4, 12),\n",
       " (4, 13),\n",
       " (4, 14),\n",
       " (4, 15),\n",
       " (4, 16),\n",
       " (4, 17),\n",
       " (4, 18),\n",
       " (4, 19),\n",
       " (5, 0),\n",
       " (5, 1),\n",
       " (5, 2),\n",
       " (5, 3),\n",
       " (5, 4),\n",
       " (5, 6),\n",
       " (5, 7),\n",
       " (5, 8),\n",
       " (5, 9),\n",
       " (5, 10),\n",
       " (5, 11),\n",
       " (5, 12),\n",
       " (5, 13),\n",
       " (5, 14),\n",
       " (5, 15),\n",
       " (5, 16),\n",
       " (5, 17),\n",
       " (5, 18),\n",
       " (5, 19),\n",
       " (6, 0),\n",
       " (6, 1),\n",
       " (6, 2),\n",
       " (6, 3),\n",
       " (6, 4),\n",
       " (6, 5),\n",
       " (6, 7),\n",
       " (6, 8),\n",
       " (6, 9),\n",
       " (6, 10),\n",
       " (6, 11),\n",
       " (6, 12),\n",
       " (6, 13),\n",
       " (6, 14),\n",
       " (6, 15),\n",
       " (6, 16),\n",
       " (6, 17),\n",
       " (6, 18),\n",
       " (6, 19),\n",
       " (7, 0),\n",
       " (7, 1),\n",
       " (7, 2),\n",
       " (7, 3),\n",
       " (7, 4),\n",
       " (7, 5),\n",
       " (7, 6),\n",
       " (7, 8),\n",
       " (7, 9),\n",
       " (7, 10),\n",
       " (7, 11),\n",
       " (7, 12),\n",
       " (7, 13),\n",
       " (7, 14),\n",
       " (7, 15),\n",
       " (7, 16),\n",
       " (7, 17),\n",
       " (7, 18),\n",
       " (7, 19),\n",
       " (8, 0),\n",
       " (8, 1),\n",
       " (8, 2),\n",
       " (8, 3),\n",
       " (8, 4),\n",
       " (8, 5),\n",
       " (8, 6),\n",
       " (8, 7),\n",
       " (8, 9),\n",
       " (8, 10),\n",
       " (8, 11),\n",
       " (8, 12),\n",
       " (8, 13),\n",
       " (8, 14),\n",
       " (8, 15),\n",
       " (8, 16),\n",
       " (8, 17),\n",
       " (8, 18),\n",
       " (8, 19),\n",
       " (9, 0),\n",
       " (9, 1),\n",
       " (9, 2),\n",
       " (9, 3),\n",
       " (9, 4),\n",
       " (9, 5),\n",
       " (9, 6),\n",
       " (9, 7),\n",
       " (9, 8),\n",
       " (9, 10),\n",
       " (9, 11),\n",
       " (9, 12),\n",
       " (9, 13),\n",
       " (9, 14),\n",
       " (9, 15),\n",
       " (9, 16),\n",
       " (9, 17),\n",
       " (9, 18),\n",
       " (9, 19),\n",
       " (10, 0),\n",
       " (10, 1),\n",
       " (10, 2),\n",
       " (10, 3),\n",
       " (10, 4),\n",
       " (10, 5),\n",
       " (10, 6),\n",
       " (10, 7),\n",
       " (10, 8),\n",
       " (10, 9),\n",
       " (10, 11),\n",
       " (10, 12),\n",
       " (10, 13),\n",
       " (10, 14),\n",
       " (10, 15),\n",
       " (10, 16),\n",
       " (10, 17),\n",
       " (10, 18),\n",
       " (10, 19),\n",
       " (11, 0),\n",
       " (11, 1),\n",
       " (11, 2),\n",
       " (11, 3),\n",
       " (11, 4),\n",
       " (11, 5),\n",
       " (11, 6),\n",
       " (11, 7),\n",
       " (11, 8),\n",
       " (11, 9),\n",
       " (11, 10),\n",
       " (11, 12),\n",
       " (11, 13),\n",
       " (11, 14),\n",
       " (11, 15),\n",
       " (11, 16),\n",
       " (11, 17),\n",
       " (11, 18),\n",
       " (11, 19),\n",
       " (12, 0),\n",
       " (12, 1),\n",
       " (12, 2),\n",
       " (12, 3),\n",
       " (12, 4),\n",
       " (12, 5),\n",
       " (12, 6),\n",
       " (12, 7),\n",
       " (12, 8),\n",
       " (12, 9),\n",
       " (12, 10),\n",
       " (12, 11),\n",
       " (12, 13),\n",
       " (12, 14),\n",
       " (12, 15),\n",
       " (12, 16),\n",
       " (12, 17),\n",
       " (12, 18),\n",
       " (12, 19),\n",
       " (13, 0),\n",
       " (13, 1),\n",
       " (13, 2),\n",
       " (13, 3),\n",
       " (13, 4),\n",
       " (13, 5),\n",
       " (13, 6),\n",
       " (13, 7),\n",
       " (13, 8),\n",
       " (13, 9),\n",
       " (13, 10),\n",
       " (13, 11),\n",
       " (13, 12),\n",
       " (13, 14),\n",
       " (13, 15),\n",
       " (13, 16),\n",
       " (13, 17),\n",
       " (13, 18),\n",
       " (13, 19),\n",
       " (14, 0),\n",
       " (14, 1),\n",
       " (14, 2),\n",
       " (14, 3),\n",
       " (14, 4),\n",
       " (14, 5),\n",
       " (14, 6),\n",
       " (14, 7),\n",
       " (14, 8),\n",
       " (14, 9),\n",
       " (14, 10),\n",
       " (14, 11),\n",
       " (14, 12),\n",
       " (14, 13),\n",
       " (14, 15),\n",
       " (14, 16),\n",
       " (14, 17),\n",
       " (14, 18),\n",
       " (14, 19),\n",
       " (15, 0),\n",
       " (15, 1),\n",
       " (15, 2),\n",
       " (15, 3),\n",
       " (15, 4),\n",
       " (15, 5),\n",
       " (15, 6),\n",
       " (15, 7),\n",
       " (15, 8),\n",
       " (15, 9),\n",
       " (15, 10),\n",
       " (15, 11),\n",
       " (15, 12),\n",
       " (15, 13),\n",
       " (15, 14),\n",
       " (15, 16),\n",
       " (15, 17),\n",
       " (15, 18),\n",
       " (15, 19),\n",
       " (16, 0),\n",
       " (16, 1),\n",
       " (16, 2),\n",
       " (16, 3),\n",
       " (16, 4),\n",
       " (16, 5),\n",
       " (16, 6),\n",
       " (16, 7),\n",
       " (16, 8),\n",
       " (16, 9),\n",
       " (16, 10),\n",
       " (16, 11),\n",
       " (16, 12),\n",
       " (16, 13),\n",
       " (16, 14),\n",
       " (16, 15),\n",
       " (16, 17),\n",
       " (16, 18),\n",
       " (16, 19),\n",
       " (17, 0),\n",
       " (17, 1),\n",
       " (17, 2),\n",
       " (17, 3),\n",
       " (17, 4),\n",
       " (17, 5),\n",
       " (17, 6),\n",
       " (17, 7),\n",
       " (17, 8),\n",
       " (17, 9),\n",
       " (17, 10),\n",
       " (17, 11),\n",
       " (17, 12),\n",
       " (17, 13),\n",
       " (17, 14),\n",
       " (17, 15),\n",
       " (17, 16),\n",
       " (17, 18),\n",
       " (17, 19),\n",
       " (18, 0),\n",
       " (18, 1),\n",
       " (18, 2),\n",
       " (18, 3),\n",
       " (18, 4),\n",
       " (18, 5),\n",
       " (18, 6),\n",
       " (18, 7),\n",
       " (18, 8),\n",
       " (18, 9),\n",
       " (18, 10),\n",
       " (18, 11),\n",
       " (18, 12),\n",
       " (18, 13),\n",
       " (18, 14),\n",
       " (18, 15),\n",
       " (18, 16),\n",
       " (18, 17),\n",
       " (18, 19),\n",
       " (19, 0),\n",
       " (19, 1),\n",
       " (19, 2),\n",
       " (19, 3),\n",
       " (19, 4),\n",
       " (19, 5),\n",
       " (19, 6),\n",
       " (19, 7),\n",
       " (19, 8),\n",
       " (19, 9),\n",
       " (19, 10),\n",
       " (19, 11),\n",
       " (19, 12),\n",
       " (19, 13),\n",
       " (19, 14),\n",
       " (19, 15),\n",
       " (19, 16),\n",
       " (19, 17),\n",
       " (19, 18)]"
      ]
     },
     "execution_count": 193,
     "metadata": {},
     "output_type": "execute_result"
    }
   ],
   "source": [
    "tramos=[(i,j) for i in ciudadesi for j in ciudadesd if i!=j]\n",
    "\n",
    "tramos"
   ]
  },
  {
   "cell_type": "code",
   "execution_count": 194,
   "metadata": {
    "scrolled": true
   },
   "outputs": [
    {
     "data": {
      "text/html": [
       "<div>\n",
       "<style scoped>\n",
       "    .dataframe tbody tr th:only-of-type {\n",
       "        vertical-align: middle;\n",
       "    }\n",
       "\n",
       "    .dataframe tbody tr th {\n",
       "        vertical-align: top;\n",
       "    }\n",
       "\n",
       "    .dataframe thead th {\n",
       "        text-align: right;\n",
       "    }\n",
       "</style>\n",
       "<table border=\"1\" class=\"dataframe\">\n",
       "  <thead>\n",
       "    <tr style=\"text-align: right;\">\n",
       "      <th></th>\n",
       "      <th>tramo</th>\n",
       "      <th>costo</th>\n",
       "    </tr>\n",
       "  </thead>\n",
       "  <tbody>\n",
       "    <tr>\n",
       "      <th>0</th>\n",
       "      <td>Rosario-san lorenzo</td>\n",
       "      <td>2863.4</td>\n",
       "    </tr>\n",
       "    <tr>\n",
       "      <th>1</th>\n",
       "      <td>Rosario-oliveros</td>\n",
       "      <td>5253.0</td>\n",
       "    </tr>\n",
       "    <tr>\n",
       "      <th>2</th>\n",
       "      <td>Rosario-totoras</td>\n",
       "      <td>6849.5</td>\n",
       "    </tr>\n",
       "    <tr>\n",
       "      <th>3</th>\n",
       "      <td>Rosario-San Genaro</td>\n",
       "      <td>9918.9</td>\n",
       "    </tr>\n",
       "    <tr>\n",
       "      <th>4</th>\n",
       "      <td>Rosario-Las Rosas</td>\n",
       "      <td>12669.0</td>\n",
       "    </tr>\n",
       "    <tr>\n",
       "      <th>...</th>\n",
       "      <td>...</td>\n",
       "      <td>...</td>\n",
       "    </tr>\n",
       "    <tr>\n",
       "      <th>375</th>\n",
       "      <td>Alvarez-Villla Mugueta</td>\n",
       "      <td>3522.6</td>\n",
       "    </tr>\n",
       "    <tr>\n",
       "      <th>376</th>\n",
       "      <td>Alvarez-Casilda</td>\n",
       "      <td>4686.5</td>\n",
       "    </tr>\n",
       "    <tr>\n",
       "      <th>377</th>\n",
       "      <td>Alvarez-Carcaraña</td>\n",
       "      <td>5901.9</td>\n",
       "    </tr>\n",
       "    <tr>\n",
       "      <th>378</th>\n",
       "      <td>Alvarez-Cañada de Gomez</td>\n",
       "      <td>8384.2</td>\n",
       "    </tr>\n",
       "    <tr>\n",
       "      <th>379</th>\n",
       "      <td>Alvarez-Funes</td>\n",
       "      <td>3811.0</td>\n",
       "    </tr>\n",
       "  </tbody>\n",
       "</table>\n",
       "<p>380 rows × 2 columns</p>\n",
       "</div>"
      ],
      "text/plain": [
       "                       tramo    costo\n",
       "0        Rosario-san lorenzo   2863.4\n",
       "1           Rosario-oliveros   5253.0\n",
       "2            Rosario-totoras   6849.5\n",
       "3         Rosario-San Genaro   9918.9\n",
       "4          Rosario-Las Rosas  12669.0\n",
       "..                       ...      ...\n",
       "375   Alvarez-Villla Mugueta   3522.6\n",
       "376          Alvarez-Casilda   4686.5\n",
       "377        Alvarez-Carcaraña   5901.9\n",
       "378  Alvarez-Cañada de Gomez   8384.2\n",
       "379            Alvarez-Funes   3811.0\n",
       "\n",
       "[380 rows x 2 columns]"
      ]
     },
     "execution_count": 194,
     "metadata": {},
     "output_type": "execute_result"
    }
   ],
   "source": [
    "costos"
   ]
  },
  {
   "cell_type": "code",
   "execution_count": 195,
   "metadata": {},
   "outputs": [
    {
     "data": {
      "text/plain": [
       "{0: 9925.94,\n",
       " 1: 462.39,\n",
       " 2: 46.97,\n",
       " 3: 102.92,\n",
       " 4: 110.0,\n",
       " 5: 136.89000000000001,\n",
       " 6: 123.75,\n",
       " 7: 111.81,\n",
       " 8: 901.9300000000001,\n",
       " 9: 72.0,\n",
       " 10: 91.3,\n",
       " 11: 68.36,\n",
       " 12: 68.71000000000001,\n",
       " 13: 52.58,\n",
       " 14: 2.27,\n",
       " 15: 350.58,\n",
       " 16: 156.19,\n",
       " 17: 292.05,\n",
       " 18: 235.20000000000002,\n",
       " 19: 8.34}"
      ]
     },
     "execution_count": 195,
     "metadata": {},
     "output_type": "execute_result"
    }
   ],
   "source": [
    "Demanda={k: row['demanda'] for k, row in demanda.iterrows()}\n",
    "Demanda"
   ]
  },
  {
   "cell_type": "code",
   "execution_count": 196,
   "metadata": {},
   "outputs": [
    {
     "data": {
      "text/plain": [
       "{0: 29777.82,\n",
       " 1: 1387.1699999999998,\n",
       " 2: 140.91,\n",
       " 3: 308.76,\n",
       " 4: 330.0,\n",
       " 5: 410.66999999999996,\n",
       " 6: 371.25,\n",
       " 7: 335.43,\n",
       " 8: 2705.79,\n",
       " 9: 216.0,\n",
       " 10: 273.9,\n",
       " 11: 205.07999999999998,\n",
       " 12: 206.13,\n",
       " 13: 157.73999999999998,\n",
       " 14: 6.81,\n",
       " 15: 1051.74,\n",
       " 16: 468.57,\n",
       " 17: 876.15,\n",
       " 18: 705.6,\n",
       " 19: 25.02}"
      ]
     },
     "execution_count": 196,
     "metadata": {},
     "output_type": "execute_result"
    }
   ],
   "source": [
    "Oferta={k: row['oferta'] for k, row in oferta.iterrows()}\n",
    "Oferta"
   ]
  },
  {
   "cell_type": "code",
   "execution_count": 197,
   "metadata": {},
   "outputs": [
    {
     "name": "stdout",
     "output_type": "stream",
     "text": [
      "380 380\n"
     ]
    }
   ],
   "source": [
    "#costos_1={k: row['costo']for k, row in costos.iterrows() if k%21!=0}\n",
    "costos_1={k: row['costo']for k, row in costos.iterrows()}\n",
    "print (len(costos_1),len(tramos))\n"
   ]
  },
  {
   "cell_type": "code",
   "execution_count": 198,
   "metadata": {
    "scrolled": true
   },
   "outputs": [
    {
     "data": {
      "text/plain": [
       "{(0, 1): 2863.4,\n",
       " (0, 2): 5253.0,\n",
       " (0, 3): 6849.5,\n",
       " (0, 4): 9918.9,\n",
       " (0, 5): 12669.0,\n",
       " (0, 6): 10207.3,\n",
       " (0, 7): 9661.4,\n",
       " (0, 8): 12772.0,\n",
       " (0, 9): 12463.0,\n",
       " (0, 10): 11536.0,\n",
       " (0, 11): 9156.7,\n",
       " (0, 12): 8868.3,\n",
       " (0, 13): 7107.0,\n",
       " (0, 14): 5675.3,\n",
       " (0, 15): 5974.0,\n",
       " (0, 16): 5005.8,\n",
       " (0, 17): 7416.0,\n",
       " (0, 18): 1534.7,\n",
       " (0, 19): 2533.8,\n",
       " (1, 0): 2863.4,\n",
       " (1, 2): 2358.7,\n",
       " (1, 3): 5160.3,\n",
       " (1, 4): 9486.3,\n",
       " (1, 5): 12463.0,\n",
       " (1, 6): 12566.0,\n",
       " (1, 7): 10403.0,\n",
       " (1, 8): 15038.0,\n",
       " (1, 9): 14214.0,\n",
       " (1, 10): 12257.0,\n",
       " (1, 11): 9877.7,\n",
       " (1, 12): 9589.3,\n",
       " (1, 13): 9846.8,\n",
       " (1, 14): 8404.8,\n",
       " (1, 15): 6695.0,\n",
       " (1, 16): 5747.4,\n",
       " (1, 17): 8167.9,\n",
       " (1, 18): 3388.7,\n",
       " (1, 19): 5232.4,\n",
       " (2, 0): 5253.0,\n",
       " (2, 1): 2358.7,\n",
       " (2, 3): 4336.3,\n",
       " (2, 4): 7240.9,\n",
       " (2, 5): 10227.9,\n",
       " (2, 6): 12051.0,\n",
       " (2, 7): 11536.0,\n",
       " (2, 8): 14626.0,\n",
       " (2, 9): 14317.0,\n",
       " (2, 10): 15965.0,\n",
       " (2, 11): 13596.0,\n",
       " (2, 12): 13287.0,\n",
       " (2, 13): 11948.0,\n",
       " (2, 14): 10506.0,\n",
       " (2, 15): 9105.2,\n",
       " (2, 16): 7199.700000000001,\n",
       " (2, 17): 8672.6,\n",
       " (2, 18): 6004.9,\n",
       " (2, 19): 7982.5,\n",
       " (3, 0): 6849.5,\n",
       " (3, 1): 5160.3,\n",
       " (3, 2): 4336.3,\n",
       " (3, 4): 3254.8,\n",
       " (3, 5): 6046.1,\n",
       " (3, 6): 7797.1,\n",
       " (3, 7): 7240.9,\n",
       " (3, 8): 10300.0,\n",
       " (3, 9): 10052.8,\n",
       " (3, 10): 11742.0,\n",
       " (3, 11): 11330.0,\n",
       " (3, 12): 12051.0,\n",
       " (3, 13): 13493.0,\n",
       " (3, 14): 12154.0,\n",
       " (3, 15): 8487.2,\n",
       " (3, 16): 5634.1,\n",
       " (3, 17): 4398.1,\n",
       " (3, 18): 6437.5,\n",
       " (3, 19): 8868.3,\n",
       " (4, 0): 9918.9,\n",
       " (4, 1): 9486.3,\n",
       " (4, 2): 7240.9,\n",
       " (4, 3): 3254.8,\n",
       " (4, 5): 3100.3,\n",
       " (4, 6): 5489.9,\n",
       " (4, 7): 7343.9,\n",
       " (4, 8): 10403.0,\n",
       " (4, 9): 10918.0,\n",
       " (4, 10): 12566.0,\n",
       " (4, 11): 12154.0,\n",
       " (4, 12): 12875.0,\n",
       " (4, 13): 14832.0,\n",
       " (4, 14): 15141.0,\n",
       " (4, 15): 11433.0,\n",
       " (4, 16): 8137.0,\n",
       " (4, 17): 6890.700000000001,\n",
       " (4, 18): 9506.9,\n",
       " (4, 19): 11948.0,\n",
       " (5, 0): 12669.0,\n",
       " (5, 1): 12463.0,\n",
       " (5, 2): 10227.9,\n",
       " (5, 3): 6046.1,\n",
       " (5, 4): 3100.3,\n",
       " (5, 6): 2575.0,\n",
       " (5, 7): 4418.7,\n",
       " (5, 8): 6777.4,\n",
       " (5, 9): 8013.4,\n",
       " (5, 10): 9651.1,\n",
       " (5, 11): 9239.1,\n",
       " (5, 12): 9980.7,\n",
       " (5, 13): 11948.0,\n",
       " (5, 14): 13287.0,\n",
       " (5, 15): 10403.0,\n",
       " (5, 16): 8291.5,\n",
       " (5, 17): 5417.8,\n",
       " (5, 18): 11845.0,\n",
       " (5, 19): 13699.0,\n",
       " (6, 0): 10207.3,\n",
       " (6, 1): 12566.0,\n",
       " (6, 2): 12051.0,\n",
       " (6, 3): 7797.1,\n",
       " (6, 4): 12566.0,\n",
       " (6, 5): 2575.0,\n",
       " (6, 7): 1843.6999999999998,\n",
       " (6, 8): 4923.4,\n",
       " (6, 9): 5438.4,\n",
       " (6, 10): 7086.4,\n",
       " (6, 11): 6664.1,\n",
       " (6, 12): 7405.700000000001,\n",
       " (6, 13): 9373.0,\n",
       " (6, 14): 10712.0,\n",
       " (6, 15): 7879.5,\n",
       " (6, 16): 5716.5,\n",
       " (6, 17): 2842.8,\n",
       " (6, 18): 9249.4,\n",
       " (6, 19): 11124.0,\n",
       " (7, 0): 9661.4,\n",
       " (7, 1): 10403.0,\n",
       " (7, 2): 11536.0,\n",
       " (7, 3): 7240.9,\n",
       " (7, 4): 7343.9,\n",
       " (7, 5): 3275.4,\n",
       " (7, 6): 1843.6999999999998,\n",
       " (7, 8): 3275.4,\n",
       " (7, 9): 3635.8999999999996,\n",
       " (7, 10): 5222.1,\n",
       " (7, 11): 6128.5,\n",
       " (7, 12): 6870.1,\n",
       " (7, 13): 8837.4,\n",
       " (7, 14): 10135.2,\n",
       " (7, 15): 7343.9,\n",
       " (7, 16): 5180.9,\n",
       " (7, 17): 2307.2,\n",
       " (7, 18): 8713.8,\n",
       " (7, 19): 10609.0,\n",
       " (8, 0): 12772.0,\n",
       " (8, 1): 15038.0,\n",
       " (8, 2): 14626.0,\n",
       " (8, 3): 10300.0,\n",
       " (8, 4): 10403.0,\n",
       " (8, 5): 6777.4,\n",
       " (8, 6): 4923.4,\n",
       " (8, 7): 3275.4,\n",
       " (8, 9): 5840.1,\n",
       " (8, 10): 6684.700000000001,\n",
       " (8, 11): 9228.8,\n",
       " (8, 12): 9970.4,\n",
       " (8, 13): 11948.0,\n",
       " (8, 14): 13184.0,\n",
       " (8, 15): 10104.3,\n",
       " (8, 16): 8167.9,\n",
       " (8, 17): 5356.0,\n",
       " (8, 18): 11639.0,\n",
       " (8, 19): 13699.0,\n",
       " (9, 0): 12463.0,\n",
       " (9, 1): 14214.0,\n",
       " (9, 2): 14317.0,\n",
       " (9, 3): 10052.8,\n",
       " (9, 4): 10918.0,\n",
       " (9, 5): 8013.4,\n",
       " (9, 6): 5438.4,\n",
       " (9, 7): 3635.8999999999996,\n",
       " (9, 8): 5840.1,\n",
       " (9, 10): 2060.0,\n",
       " (9, 11): 4356.9,\n",
       " (9, 12): 7343.9,\n",
       " (9, 13): 9311.2,\n",
       " (9, 14): 10609.0,\n",
       " (9, 15): 7519.0,\n",
       " (9, 16): 7889.799999999999,\n",
       " (9, 17): 5840.1,\n",
       " (9, 18): 11433.0,\n",
       " (9, 19): 12154.0,\n",
       " (10, 0): 11536.0,\n",
       " (10, 1): 12257.0,\n",
       " (10, 2): 15965.0,\n",
       " (10, 3): 11742.0,\n",
       " (10, 4): 12566.0,\n",
       " (10, 5): 9651.1,\n",
       " (10, 6): 7086.4,\n",
       " (10, 7): 5222.1,\n",
       " (10, 8): 6684.700000000001,\n",
       " (10, 9): 4356.9,\n",
       " (10, 11): 2441.1,\n",
       " (10, 12): 4336.3,\n",
       " (10, 13): 7385.1,\n",
       " (10, 14): 8682.9,\n",
       " (10, 15): 5592.9,\n",
       " (10, 16): 8610.8,\n",
       " (10, 17): 7477.799999999999,\n",
       " (10, 18): 11433.0,\n",
       " (10, 19): 10258.8,\n",
       " (11, 0): 9156.7,\n",
       " (11, 1): 9877.7,\n",
       " (11, 2): 13596.0,\n",
       " (11, 3): 11330.0,\n",
       " (11, 4): 12154.0,\n",
       " (11, 5): 9239.1,\n",
       " (11, 6): 6664.1,\n",
       " (11, 7): 6128.5,\n",
       " (11, 8): 9228.8,\n",
       " (11, 9): 7343.9,\n",
       " (11, 10): 2441.1,\n",
       " (11, 12): 1895.1999999999998,\n",
       " (11, 13): 4974.9,\n",
       " (11, 14): 6272.7,\n",
       " (11, 15): 3182.7,\n",
       " (11, 16): 6200.6,\n",
       " (11, 17): 7117.299999999999,\n",
       " (11, 18): 8106.1,\n",
       " (11, 19): 7848.6,\n",
       " (12, 0): 8868.3,\n",
       " (12, 1): 9589.3,\n",
       " (12, 2): 13287.0,\n",
       " (12, 3): 12051.0,\n",
       " (12, 4): 12875.0,\n",
       " (12, 5): 9980.7,\n",
       " (12, 6): 7405.700000000001,\n",
       " (12, 7): 6870.1,\n",
       " (12, 8): 9970.4,\n",
       " (12, 9): 9311.2,\n",
       " (12, 10): 4336.3,\n",
       " (12, 11): 1895.1999999999998,\n",
       " (12, 13): 2894.3,\n",
       " (12, 14): 4552.6,\n",
       " (12, 15): 3162.1,\n",
       " (12, 16): 6149.1,\n",
       " (12, 17): 7858.9,\n",
       " (12, 18): 7828.0,\n",
       " (12, 19): 7107.0,\n",
       " (13, 0): 7107.0,\n",
       " (13, 1): 9846.8,\n",
       " (13, 2): 11948.0,\n",
       " (13, 3): 13493.0,\n",
       " (13, 4): 14832.0,\n",
       " (13, 5): 11948.0,\n",
       " (13, 6): 9373.0,\n",
       " (13, 7): 8837.4,\n",
       " (13, 8): 11948.0,\n",
       " (13, 9): 10609.0,\n",
       " (13, 10): 7385.1,\n",
       " (13, 11): 4974.9,\n",
       " (13, 12): 2894.3,\n",
       " (13, 14): 1524.4,\n",
       " (13, 15): 5098.5,\n",
       " (13, 16): 8106.1,\n",
       " (13, 17): 9815.9,\n",
       " (13, 18): 8847.7,\n",
       " (13, 19): 4964.6,\n",
       " (14, 0): 5675.3,\n",
       " (14, 1): 8404.8,\n",
       " (14, 2): 10506.0,\n",
       " (14, 3): 12154.0,\n",
       " (14, 4): 15141.0,\n",
       " (14, 5): 13287.0,\n",
       " (14, 6): 10712.0,\n",
       " (14, 7): 10135.2,\n",
       " (14, 8): 13184.0,\n",
       " (14, 9): 7519.0,\n",
       " (14, 10): 8682.9,\n",
       " (14, 11): 6272.7,\n",
       " (14, 12): 4552.6,\n",
       " (14, 13): 1524.4,\n",
       " (14, 15): 3677.1000000000004,\n",
       " (14, 16): 6684.700000000001,\n",
       " (14, 17): 9105.2,\n",
       " (14, 18): 7416.0,\n",
       " (14, 19): 3522.6000000000004,\n",
       " (15, 0): 5974.0,\n",
       " (15, 1): 6695.0,\n",
       " (15, 2): 9105.2,\n",
       " (15, 3): 8487.2,\n",
       " (15, 4): 11433.0,\n",
       " (15, 5): 10403.0,\n",
       " (15, 6): 7879.5,\n",
       " (15, 7): 7343.9,\n",
       " (15, 8): 10104.3,\n",
       " (15, 9): 7889.799999999999,\n",
       " (15, 10): 5592.9,\n",
       " (15, 11): 3182.7,\n",
       " (15, 12): 3162.1,\n",
       " (15, 13): 5098.5,\n",
       " (15, 14): 3677.1000000000004,\n",
       " (15, 16): 3059.1,\n",
       " (15, 17): 5479.6,\n",
       " (15, 18): 5891.6,\n",
       " (15, 19): 4686.5,\n",
       " (16, 0): 5005.8,\n",
       " (16, 1): 5747.4,\n",
       " (16, 2): 7199.700000000001,\n",
       " (16, 3): 5634.1,\n",
       " (16, 4): 8137.0,\n",
       " (16, 5): 8291.5,\n",
       " (16, 6): 5716.5,\n",
       " (16, 7): 5180.9,\n",
       " (16, 8): 8167.9,\n",
       " (16, 9): 11433.0,\n",
       " (16, 10): 8610.8,\n",
       " (16, 11): 6200.6,\n",
       " (16, 12): 6149.1,\n",
       " (16, 13): 8106.1,\n",
       " (16, 14): 6684.700000000001,\n",
       " (16, 15): 3059.1,\n",
       " (16, 17): 2605.9,\n",
       " (16, 18): 6447.8,\n",
       " (16, 19): 5901.9,\n",
       " (17, 0): 7416.0,\n",
       " (17, 1): 8167.9,\n",
       " (17, 2): 8672.6,\n",
       " (17, 3): 4398.1,\n",
       " (17, 4): 6890.700000000001,\n",
       " (17, 5): 5417.8,\n",
       " (17, 6): 2842.8,\n",
       " (17, 7): 2307.2,\n",
       " (17, 8): 5356.0,\n",
       " (17, 9): 5840.1,\n",
       " (17, 10): 7477.799999999999,\n",
       " (17, 11): 7117.299999999999,\n",
       " (17, 12): 7858.9,\n",
       " (17, 13): 9815.9,\n",
       " (17, 14): 9105.2,\n",
       " (17, 15): 5479.6,\n",
       " (17, 16): 2605.9,\n",
       " (17, 18): 6386.0,\n",
       " (17, 19): 8384.2,\n",
       " (18, 0): 1534.7,\n",
       " (18, 1): 3388.7,\n",
       " (18, 2): 6004.9,\n",
       " (18, 3): 6437.5,\n",
       " (18, 4): 9506.9,\n",
       " (18, 5): 11845.0,\n",
       " (18, 6): 9249.4,\n",
       " (18, 7): 8713.8,\n",
       " (18, 8): 11639.0,\n",
       " (18, 9): 12154.0,\n",
       " (18, 10): 11433.0,\n",
       " (18, 11): 8106.1,\n",
       " (18, 12): 7828.0,\n",
       " (18, 13): 8847.7,\n",
       " (18, 14): 7416.0,\n",
       " (18, 15): 5891.6,\n",
       " (18, 16): 6447.8,\n",
       " (18, 17): 6386.0,\n",
       " (18, 19): 3811.0,\n",
       " (19, 0): 2533.8,\n",
       " (19, 1): 5232.4,\n",
       " (19, 2): 7982.5,\n",
       " (19, 3): 8868.3,\n",
       " (19, 4): 11948.0,\n",
       " (19, 5): 13699.0,\n",
       " (19, 6): 11124.0,\n",
       " (19, 7): 10609.0,\n",
       " (19, 8): 13699.0,\n",
       " (19, 9): 6612.6,\n",
       " (19, 10): 10258.8,\n",
       " (19, 11): 7848.6,\n",
       " (19, 12): 7107.0,\n",
       " (19, 13): 4964.6,\n",
       " (19, 14): 3522.6000000000004,\n",
       " (19, 15): 4686.5,\n",
       " (19, 16): 5901.9,\n",
       " (19, 17): 8384.2,\n",
       " (19, 18): 3811.0}"
      ]
     },
     "execution_count": 198,
     "metadata": {},
     "output_type": "execute_result"
    }
   ],
   "source": [
    "Costos={tramos[k]: costos_1[k]for k in costos_1}\n",
    "Costos"
   ]
  },
  {
   "cell_type": "code",
   "execution_count": 199,
   "metadata": {},
   "outputs": [],
   "source": [
    "#importando cplex\n",
    "from docplex.mp.model import Model"
   ]
  },
  {
   "cell_type": "code",
   "execution_count": 200,
   "metadata": {},
   "outputs": [],
   "source": [
    "#Inicializando el modelo\n",
    "mdl=Model('Transmision')"
   ]
  },
  {
   "cell_type": "code",
   "execution_count": 201,
   "metadata": {},
   "outputs": [],
   "source": [
    "#Creando las variables de decision\n",
    "#x=mdl.integer_var_dict(tramos,name='x')\n",
    "x=mdl.continuous_var_dict(tramos,name='x')\n"
   ]
  },
  {
   "cell_type": "code",
   "execution_count": 202,
   "metadata": {},
   "outputs": [],
   "source": [
    "#Funcion objetivo de minimizacion y formacion del modelo\n",
    "mdl.minimize(mdl.sum(x[i]*Costos[i] for i in tramos))"
   ]
  },
  {
   "cell_type": "code",
   "execution_count": 203,
   "metadata": {},
   "outputs": [],
   "source": [
    "#Restriccion correspondiente a la oferta por ciudad\n",
    "for k in ciudadesi:\n",
    "    mdl.add_constraint(mdl.sum(x[k,j]for j in ciudadesd if j!=k)<=Oferta[k])\n",
    "    #mdl.add_constraint(mdl.sum(x[k,j]for j in ciudadesd)<=Oferta[k])"
   ]
  },
  {
   "cell_type": "code",
   "execution_count": 204,
   "metadata": {},
   "outputs": [],
   "source": [
    "#Restriccion correspondiente a la demanda por ciudad\n",
    "for k in ciudadesd:\n",
    "    mdl.add_constraint(mdl.sum(x[k,j]for j in ciudadesi if j!=k)>=Demanda[k])\n",
    "    #mdl.add_constraint(mdl.sum(x[k,j]for j in ciudadesi)>=Demanda[k])"
   ]
  },
  {
   "cell_type": "code",
   "execution_count": 205,
   "metadata": {
    "scrolled": false
   },
   "outputs": [
    {
     "name": "stdout",
     "output_type": "stream",
     "text": [
      "\\ This file has been generated by DOcplex\n",
      "\\ ENCODING=ISO-8859-1\n",
      "\\Problem name: Transmision\n",
      "\n",
      "Minimize\n",
      " obj: 2863.400000000000 x_0_1 + 5253 x_0_2 + 6849.500000000000 x_0_3\n",
      "      + 9918.900000000000 x_0_4 + 12669 x_0_5 + 10207.299999999999 x_0_6\n",
      "      + 9661.400000000000 x_0_7 + 12772 x_0_8 + 12463 x_0_9 + 11536 x_0_10\n",
      "      + 9156.700000000001 x_0_11 + 8868.299999999999 x_0_12 + 7107 x_0_13\n",
      "      + 5675.300000000000 x_0_14 + 5974 x_0_15 + 5005.800000000000 x_0_16\n",
      "      + 7416 x_0_17 + 1534.700000000000 x_0_18 + 2533.800000000000 x_0_19\n",
      "      + 2863.400000000000 x_1_0 + 2358.700000000000 x_1_2\n",
      "      + 5160.300000000000 x_1_3 + 9486.299999999999 x_1_4 + 12463 x_1_5\n",
      "      + 12566 x_1_6 + 10403 x_1_7 + 15038 x_1_8 + 14214 x_1_9 + 12257 x_1_10\n",
      "      + 9877.700000000001 x_1_11 + 9589.299999999999 x_1_12\n",
      "      + 9846.799999999999 x_1_13 + 8404.799999999999 x_1_14 + 6695 x_1_15\n",
      "      + 5747.400000000000 x_1_16 + 8167.900000000000 x_1_17\n",
      "      + 3388.700000000000 x_1_18 + 5232.400000000000 x_1_19 + 5253 x_2_0\n",
      "      + 2358.700000000000 x_2_1 + 4336.300000000000 x_2_3\n",
      "      + 7240.900000000000 x_2_4 + 10227.900000000000 x_2_5 + 12051 x_2_6\n",
      "      + 11536 x_2_7 + 14626 x_2_8 + 14317 x_2_9 + 15965 x_2_10 + 13596 x_2_11\n",
      "      + 13287 x_2_12 + 11948 x_2_13 + 10506 x_2_14 + 9105.200000000001 x_2_15\n",
      "      + 7199.700000000001 x_2_16 + 8672.600000000000 x_2_17\n",
      "      + 6004.900000000000 x_2_18 + 7982.500000000000 x_2_19\n",
      "      + 6849.500000000000 x_3_0 + 5160.300000000000 x_3_1\n",
      "      + 4336.300000000000 x_3_2 + 3254.800000000000 x_3_4\n",
      "      + 6046.100000000000 x_3_5 + 7797.100000000000 x_3_6\n",
      "      + 7240.900000000000 x_3_7 + 10300 x_3_8 + 10052.799999999999 x_3_9\n",
      "      + 11742 x_3_10 + 11330 x_3_11 + 12051 x_3_12 + 13493 x_3_13 + 12154 x_3_14\n",
      "      + 8487.200000000001 x_3_15 + 5634.100000000000 x_3_16\n",
      "      + 4398.100000000000 x_3_17 + 6437.500000000000 x_3_18\n",
      "      + 8868.299999999999 x_3_19 + 9918.900000000000 x_4_0\n",
      "      + 9486.299999999999 x_4_1 + 7240.900000000000 x_4_2\n",
      "      + 3254.800000000000 x_4_3 + 3100.300000000000 x_4_5\n",
      "      + 5489.900000000000 x_4_6 + 7343.900000000000 x_4_7 + 10403 x_4_8\n",
      "      + 10918 x_4_9 + 12566 x_4_10 + 12154 x_4_11 + 12875 x_4_12 + 14832 x_4_13\n",
      "      + 15141 x_4_14 + 11433 x_4_15 + 8137 x_4_16 + 6890.700000000001 x_4_17\n",
      "      + 9506.900000000000 x_4_18 + 11948 x_4_19 + 12669 x_5_0 + 12463 x_5_1\n",
      "      + 10227.900000000000 x_5_2 + 6046.100000000000 x_5_3\n",
      "      + 3100.300000000000 x_5_4 + 2575 x_5_6 + 4418.700000000000 x_5_7\n",
      "      + 6777.400000000000 x_5_8 + 8013.400000000000 x_5_9\n",
      "      + 9651.100000000000 x_5_10 + 9239.100000000000 x_5_11\n",
      "      + 9980.700000000001 x_5_12 + 11948 x_5_13 + 13287 x_5_14 + 10403 x_5_15\n",
      "      + 8291.500000000000 x_5_16 + 5417.800000000000 x_5_17 + 11845 x_5_18\n",
      "      + 13699 x_5_19 + 10207.299999999999 x_6_0 + 12566 x_6_1 + 12051 x_6_2\n",
      "      + 7797.100000000000 x_6_3 + 12566 x_6_4 + 2575 x_6_5\n",
      "      + 1843.700000000000 x_6_7 + 4923.400000000000 x_6_8\n",
      "      + 5438.400000000000 x_6_9 + 7086.400000000000 x_6_10\n",
      "      + 6664.100000000000 x_6_11 + 7405.700000000001 x_6_12 + 9373 x_6_13\n",
      "      + 10712 x_6_14 + 7879.500000000000 x_6_15 + 5716.500000000000 x_6_16\n",
      "      + 2842.800000000000 x_6_17 + 9249.400000000000 x_6_18 + 11124 x_6_19\n",
      "      + 9661.400000000000 x_7_0 + 10403 x_7_1 + 11536 x_7_2\n",
      "      + 7240.900000000000 x_7_3 + 7343.900000000000 x_7_4\n",
      "      + 3275.400000000000 x_7_5 + 1843.700000000000 x_7_6\n",
      "      + 3275.400000000000 x_7_8 + 3635.900000000000 x_7_9\n",
      "      + 5222.100000000000 x_7_10 + 6128.500000000000 x_7_11\n",
      "      + 6870.100000000000 x_7_12 + 8837.400000000000 x_7_13\n",
      "      + 10135.200000000001 x_7_14 + 7343.900000000000 x_7_15\n",
      "      + 5180.900000000000 x_7_16 + 2307.200000000000 x_7_17\n",
      "      + 8713.799999999999 x_7_18 + 10609 x_7_19 + 12772 x_8_0 + 15038 x_8_1\n",
      "      + 14626 x_8_2 + 10300 x_8_3 + 10403 x_8_4 + 6777.400000000000 x_8_5\n",
      "      + 4923.400000000000 x_8_6 + 3275.400000000000 x_8_7\n",
      "      + 5840.100000000000 x_8_9 + 6684.700000000001 x_8_10\n",
      "      + 9228.799999999999 x_8_11 + 9970.400000000000 x_8_12 + 11948 x_8_13\n",
      "      + 13184 x_8_14 + 10104.299999999999 x_8_15 + 8167.900000000000 x_8_16\n",
      "      + 5356 x_8_17 + 11639 x_8_18 + 13699 x_8_19 + 12463 x_9_0 + 14214 x_9_1\n",
      "      + 14317 x_9_2 + 10052.799999999999 x_9_3 + 10918 x_9_4\n",
      "      + 8013.400000000000 x_9_5 + 5438.400000000000 x_9_6\n",
      "      + 3635.900000000000 x_9_7 + 5840.100000000000 x_9_8 + 2060 x_9_10\n",
      "      + 4356.900000000000 x_9_11 + 7343.900000000000 x_9_12\n",
      "      + 9311.200000000001 x_9_13 + 10609 x_9_14 + 7519 x_9_15\n",
      "      + 7889.799999999999 x_9_16 + 5840.100000000000 x_9_17 + 11433 x_9_18\n",
      "      + 12154 x_9_19 + 11536 x_10_0 + 12257 x_10_1 + 15965 x_10_2 + 11742 x_10_3\n",
      "      + 12566 x_10_4 + 9651.100000000000 x_10_5 + 7086.400000000000 x_10_6\n",
      "      + 5222.100000000000 x_10_7 + 6684.700000000001 x_10_8\n",
      "      + 4356.900000000000 x_10_9 + 2441.100000000000 x_10_11\n",
      "      + 4336.300000000000 x_10_12 + 7385.100000000000 x_10_13\n",
      "      + 8682.900000000000 x_10_14 + 5592.900000000000 x_10_15\n",
      "      + 8610.799999999999 x_10_16 + 7477.799999999999 x_10_17 + 11433 x_10_18\n",
      "      + 10258.799999999999 x_10_19 + 9156.700000000001 x_11_0\n",
      "      + 9877.700000000001 x_11_1 + 13596 x_11_2 + 11330 x_11_3 + 12154 x_11_4\n",
      "      + 9239.100000000000 x_11_5 + 6664.100000000000 x_11_6\n",
      "      + 6128.500000000000 x_11_7 + 9228.799999999999 x_11_8\n",
      "      + 7343.900000000000 x_11_9 + 2441.100000000000 x_11_10\n",
      "      + 1895.200000000000 x_11_12 + 4974.900000000000 x_11_13\n",
      "      + 6272.700000000000 x_11_14 + 3182.700000000000 x_11_15\n",
      "      + 6200.600000000000 x_11_16 + 7117.299999999999 x_11_17\n",
      "      + 8106.100000000000 x_11_18 + 7848.600000000000 x_11_19\n",
      "      + 8868.299999999999 x_12_0 + 9589.299999999999 x_12_1 + 13287 x_12_2\n",
      "      + 12051 x_12_3 + 12875 x_12_4 + 9980.700000000001 x_12_5\n",
      "      + 7405.700000000001 x_12_6 + 6870.100000000000 x_12_7\n",
      "      + 9970.400000000000 x_12_8 + 9311.200000000001 x_12_9\n",
      "      + 4336.300000000000 x_12_10 + 1895.200000000000 x_12_11\n",
      "      + 2894.300000000000 x_12_13 + 4552.600000000000 x_12_14\n",
      "      + 3162.100000000000 x_12_15 + 6149.100000000000 x_12_16\n",
      "      + 7858.900000000000 x_12_17 + 7828 x_12_18 + 7107 x_12_19 + 7107 x_13_0\n",
      "      + 9846.799999999999 x_13_1 + 11948 x_13_2 + 13493 x_13_3 + 14832 x_13_4\n",
      "      + 11948 x_13_5 + 9373 x_13_6 + 8837.400000000000 x_13_7 + 11948 x_13_8\n",
      "      + 10609 x_13_9 + 7385.100000000000 x_13_10 + 4974.900000000000 x_13_11\n",
      "      + 2894.300000000000 x_13_12 + 1524.400000000000 x_13_14\n",
      "      + 5098.500000000000 x_13_15 + 8106.100000000000 x_13_16\n",
      "      + 9815.900000000000 x_13_17 + 8847.700000000001 x_13_18\n",
      "      + 4964.600000000000 x_13_19 + 5675.300000000000 x_14_0\n",
      "      + 8404.799999999999 x_14_1 + 10506 x_14_2 + 12154 x_14_3 + 15141 x_14_4\n",
      "      + 13287 x_14_5 + 10712 x_14_6 + 10135.200000000001 x_14_7 + 13184 x_14_8\n",
      "      + 7519 x_14_9 + 8682.900000000000 x_14_10 + 6272.700000000000 x_14_11\n",
      "      + 4552.600000000000 x_14_12 + 1524.400000000000 x_14_13\n",
      "      + 3677.100000000000 x_14_15 + 6684.700000000001 x_14_16\n",
      "      + 9105.200000000001 x_14_17 + 7416 x_14_18 + 3522.600000000000 x_14_19\n",
      "      + 5974 x_15_0 + 6695 x_15_1 + 9105.200000000001 x_15_2\n",
      "      + 8487.200000000001 x_15_3 + 11433 x_15_4 + 10403 x_15_5\n",
      "      + 7879.500000000000 x_15_6 + 7343.900000000000 x_15_7\n",
      "      + 10104.299999999999 x_15_8 + 7889.799999999999 x_15_9\n",
      "      + 5592.900000000000 x_15_10 + 3182.700000000000 x_15_11\n",
      "      + 3162.100000000000 x_15_12 + 5098.500000000000 x_15_13\n",
      "      + 3677.100000000000 x_15_14 + 3059.100000000000 x_15_16\n",
      "      + 5479.600000000000 x_15_17 + 5891.600000000000 x_15_18\n",
      "      + 4686.500000000000 x_15_19 + 5005.800000000000 x_16_0\n",
      "      + 5747.400000000000 x_16_1 + 7199.700000000001 x_16_2\n",
      "      + 5634.100000000000 x_16_3 + 8137 x_16_4 + 8291.500000000000 x_16_5\n",
      "      + 5716.500000000000 x_16_6 + 5180.900000000000 x_16_7\n",
      "      + 8167.900000000000 x_16_8 + 11433 x_16_9 + 8610.799999999999 x_16_10\n",
      "      + 6200.600000000000 x_16_11 + 6149.100000000000 x_16_12\n",
      "      + 8106.100000000000 x_16_13 + 6684.700000000001 x_16_14\n",
      "      + 3059.100000000000 x_16_15 + 2605.900000000000 x_16_17\n",
      "      + 6447.800000000000 x_16_18 + 5901.900000000000 x_16_19 + 7416 x_17_0\n",
      "      + 8167.900000000000 x_17_1 + 8672.600000000000 x_17_2\n",
      "      + 4398.100000000000 x_17_3 + 6890.700000000001 x_17_4\n",
      "      + 5417.800000000000 x_17_5 + 2842.800000000000 x_17_6\n",
      "      + 2307.200000000000 x_17_7 + 5356 x_17_8 + 5840.100000000000 x_17_9\n",
      "      + 7477.799999999999 x_17_10 + 7117.299999999999 x_17_11\n",
      "      + 7858.900000000000 x_17_12 + 9815.900000000000 x_17_13\n",
      "      + 9105.200000000001 x_17_14 + 5479.600000000000 x_17_15\n",
      "      + 2605.900000000000 x_17_16 + 6386 x_17_18 + 8384.200000000001 x_17_19\n",
      "      + 1534.700000000000 x_18_0 + 3388.700000000000 x_18_1\n",
